0,2025-03-11 19:15:45,6.5000,6.2700,6.4000,6.3400,334537,0,
0,2025-03-12 19:15:45,6.4850,6.0750,6.3400,6.3000,293520,0,
0,2025-03-13 19:15:45,6.2500,5.6000,6.2500,5.9200,1190315,0,
0,2025-03-14 19:15:45,6.2200,5.8100,5.9900,5.9400,477305,0,
0,2025-03-17 19:15:45,6.5000,5.9100,6.1900,6.0000,622064,0,
0,2025-03-18 19:15:45,6.8100,5.9450,6.5400,6.8000,342144,0,
0,2025-03-19 19:15:45,7.2100,6.4500,6.4500,6.8400,238401,0,
0,2025-03-20 19:15:45,7.1100,6.6150,6.7500,7.0600,176786,0,
0,2025-03-21 19:15:45,7.7607,6.9400,6.9400,7.3800,175891,0,
0,2025-03-24 19:15:45,7.8200,7.0600,7.4200,7.3700,121112,0,
0,2025-03-25 19:15:45,7.8500,7.0750,7.5400,7.3400,73097,0,
0,2025-03-26 19:15:45,7.2000,6.9600,7.2000,7.0900,72361,0,
0,2025-03-27 19:15:45,6.9900,6.5200,6.9000,6.8200,105488,0,
0,2025-03-28 19:15:45,6.7600,6.1700,6.6600,6.4300,152328,0,
0,2025-03-31 19:15:45,6.4100,5.8200,6.4100,6.2500,297515,0,
0,2025-04-01 19:15:45,6.2600,5.7600,6.2600,5.8900,216501,0,
0,2025-04-02 19:15:45,6.2600,5.7700,5.7700,6.0500,130969,0,
0,2025-04-03 19:15:45,6.0000,5.7300,6.0000,5.7900,98276,0,
0,2025-04-04 19:15:45,5.7500,5.1550,5.5400,5.3200,150559,0,
0,2025-04-07 19:15:45,5.4200,5.0500,5.2800,5.2300,116652,0,
0,2025-04-08 19:15:45,5.7200,5.1100,5.5000,5.1700,407844,0,
0,2025-04-09 19:15:45,6.3050,4.7700,5.1800,5.8600,439755,0,
0,2025-04-10 19:15:45,5.7100,5.2000,5.6400,5.5900,122499,0,
0,2025-04-11 19:15:45,6.0650,5.4900,5.4900,5.9720,93545,0,
0,2025-04-14 19:15:45,6.2800,5.8600,5.9200,6.0000,151775,0,
0,2025-04-15 19:15:45,6.7100,5.9050,5.9400,6.0600,138352,0,
0,2025-04-16 19:15:45,6.4000,5.8900,5.9000,6.2900,123307,0,
0,2025-04-17 19:15:45,6.6300,5.9800,6.0900,6.4000,125307,0,
0,2025-04-21 19:15:45,6.7500,6.1650,6.5700,6.2300,15695,0,
0,2025-04-22 19:15:45,6.6050,6.1700,6.1700,6.5000,104398,0,
0,2025-04-23 19:15:45,7.9700,6.7500,6.7900,6.7650,230909,0,
0,2025-04-24 19:15:45,7.3860,6.8201,7.0000,6.9300,105214,0,
0,2025-04-25 19:15:45,7.0800,6.7600,7.0400,6.8400,26965,0,
0,2025-04-28 19:15:45,7.4100,6.9475,7.0950,7.2600,45621,0,
0,2025-04-29 19:15:45,7.4200,7.0300,7.0300,7.1200,47603,0,
0,2025-04-30 19:15:45,7.5100,7.0000,7.5100,7.1200,102608,0,
0,2025-05-01 19:15:45,7.8300,6.7000,7.2300,6.9100,100216,0,
0,2025-05-02 19:15:45,7.4500,7.0750,7.2900,7.1900,138291,0,
0,2025-05-05 19:15:45,7.4000,7.0450,7.3800,7.1200,57481,0,
0,2025-05-06 19:15:45,7.1750,6.6700,7.0600,6.7500,164631,0,
0,2025-05-07 19:15:45,7.0500,6.5400,6.8000,6.6250,52519,0,
0,2025-05-08 19:15:45,7.0400,6.6200,6.8700,6.8500,83899,0,
0,2025-05-09 19:15:45,6.9900,6.6550,6.9800,6.7100,17236,0,
0,2025-05-12 19:15:45,6.6350,6.2450,6.3400,6.4000,94849,0,
0,2025-05-13 19:15:45,6.3300,6.0000,6.3300,6.0400,57289,0,
0,2025-05-14 19:15:45,6.3400,5.9450,6.1800,6.1000,69032,0,
0,2025-05-15 19:15:45,6.1500,5.9000,6.0000,5.9900,33752,0,
0,2025-05-16 19:15:45,6.2250,5.9250,5.9900,6.0100,120156,0,
0,2025-05-19 19:15:45,6.1000,5.7900,6.1000,5.8800,137564,0,
0,2025-05-20 19:15:45,5.9179,5.7800,5.8400,5.8000,51478,0,
0,2025-05-21 19:15:45,5.895,5.630,5.820,5.820,286297,0,
0,2025-05-22 19:15:45,6.1300,5.7700,5.8200,6.0500,1242911,0,
0,2025-05-23 19:15:45,5.9500,5.5900,5.9000,5.6700,264215,0,
0,2025-05-27 19:15:45,6.0900,5.6200,6.0500,5.6900,308552,0,
0,2025-05-28 19:15:45,5.8400,5.6300,5.8400,5.6800,290200,0,
0,2025-05-29 19:15:45,6.1500,5.7000,5.7400,6.0150,267581,0,
0,2025-05-30 19:15:45,6.2950,5.9100,6.0100,6.0200,130094,0,
0,2025-06-02 19:15:45,6.4700,6.1400,6.1400,6.3500,289943,0,
0,2025-06-03 19:15:45,7.8792,6.4400,6.5000,7.7400,608656,0,
0,2025-06-04 19:15:45,8.6100,7.8922,8.2000,8.0600,394897,0,
0,2025-06-05 19:15:45,8.2466,7.8800,8.0000,8.1500,249294,0,
0,2025-06-06 19:15:45,8.5744,8.1500,8.3500,8.1900,121539,0,
0,2025-06-09 19:15:45,8.3100,7.5950,8.3000,7.8000,217744,0,
0,2025-06-10 19:15:45,7.9064,7.6050,7.7100,7.8700,184566,0,
0,2025-06-11 19:15:45,7.7300,7.2000,7.6700,7.4200,94747,0,
0,2025-06-12 19:15:45,7.6400,6.9250,7.6400,7.0200,97905,0,
0,2025-06-13 19:15:45,7.0250,6.5800,6.8500,6.9800,496860,0,
0,2025-06-16 19:15:45,6.9050,6.5700,6.8300,6.7200,306484,0,
0,2025-06-17 19:15:45,6.6600,6.0000,6.6600,6.0600,312863,0,
0,2025-06-18 19:15:45,6.1300,5.7500,6.1100,6.0500,186573,0,
0,2025-06-20 19:15:45,6.1900,5.8825,6.1800,5.9700,334179,0,
0,2025-06-23 19:15:45,6.1600,5.6900,5.9900,6.1100,239576,0,
0,2025-06-24 19:15:45,6.7500,6.2001,6.2700,6.6500,212776,0,
0,2025-06-25 19:15:45,7.1500,6.5200,6.6500,7.0500,180531,0,
0,2025-06-26 19:15:45,7.2400,6.8945,7.0400,7.1800,146918,0,
0,2025-06-27 19:15:45,7.5900,7.2400,7.2400,7.4000,241782,0,
0,2025-06-30 19:15:45,8.0600,7.5200,7.5300,7.6500,487212,0,
0,2025-07-01 19:15:45,7.8300,7.4100,7.8300,7.6600,402268,0,
0,2025-07-02 19:15:45,8.1300,7.7100,7.8000,7.7600,207124,0,
0,2025-07-03 19:15:45,8.0650,7.6450,7.9500,7.9600,374623,0,
0,2025-07-07 19:15:45,8.2000,7.8000,8.2000,7.9500,657357,0,
0,2025-07-08 19:15:45,8.1100,7.7000,8.1100,7.7500,500189,0,
0,2025-07-09 19:15:45,8.4999,7.7650,7.9300,8.3100,691420,0,
0,2025-07-10 19:15:45,8.5600,8.0050,8.5300,8.3000,390944,0,
0,2025-07-11 19:15:45,8.5200,8.0500,8.2100,8.2700,438656,0,
0,2025-07-14 19:15:45,8.9195,8.1100,8.2000,8.8300,805108,0,
0,2025-07-15 19:15:45,9.3195,8.8480,9.0000,8.8500,738159,0,
0,2025-07-16 19:15:45,10.2550,9.2500,10.0200,9.8800,2315571,0,
0,2025-07-17 19:15:45,10.4550,9.7850,9.9300,10.3400,798897,0,
0,2025-07-18 19:15:45,10.3200,9.8600,10.3200,9.9500,620004,0,
0,2025-07-21 19:15:45,10.6400,10.0500,10.1400,10.1400,1486115,0,
0,2025-07-22 19:15:45,10.7301,9.9550,10.6900,10.0000,5448894,0,
0,!ENDMSG!,
