0,2025-03-11 19:16:55,5.1617,5.1000,5.1617,5.1000,2127,0,
0,2025-03-12 19:16:55,5.7806,5.1708,5.4650,5.3900,3175,0,
0,2025-03-13 19:16:55,5.5000,5.4500,5.5000,5.4500,1550,0,
0,2025-03-14 19:16:55,6.0000,5.4000,5.4000,5.9600,4509,0,
0,2025-03-17 19:16:55,6.0000,5.5200,6.0000,5.8022,2478,0,
0,2025-03-18 19:16:55,6.0000,5.4427,5.6000,5.4427,8037,0,
0,2025-03-19 19:16:55,6.0000,5.2500,5.3000,5.5000,9454,0,
0,2025-03-20 19:16:55,6.1000,5.4100,5.7500,5.7600,12324,0,
0,2025-03-21 19:16:55,5.7100,5.3900,5.4000,5.7000,8192,0,
0,2025-03-24 19:16:55,5.5000,5.5000,5.5000,5.5000,651,0,
0,2025-03-25 19:16:55,5.6799,4.6000,5.6799,4.8200,89479,0,
0,2025-03-26 19:16:55,4.8500,4.3800,4.8000,4.7600,70250,0,
0,2025-03-27 19:16:55,4.8000,4.6101,4.7500,4.7000,8764,0,
0,2025-03-28 19:16:55,4.7000,4.5200,4.6200,4.5200,3270,0,
0,2025-03-31 19:16:55,4.4999,4.3500,4.3500,4.4999,3527,0,
0,2025-04-01 19:16:55,4.4800,4.3400,4.4800,4.3400,1445,0,
0,2025-04-02 19:16:55,4.4878,4.2700,4.4878,4.2700,6309,0,
0,2025-04-03 19:16:55,4.0000,3.8900,4.0000,3.9500,73043,0,
0,2025-04-04 19:16:55,3.7800,3.7200,3.7200,3.7724,4128,0,
0,2025-04-07 19:16:55,3.9500,3.5700,3.9499,3.6349,3529,0,
0,2025-04-08 19:16:55,3.8100,3.5600,3.8100,3.5600,12289,0,
0,2025-04-09 19:16:55,3.5500,3.2300,3.5500,3.3600,20205,0,
0,2025-04-10 19:16:55,3.4000,3.0000,3.2820,3.0346,16732,0,
0,2025-04-11 19:16:55,3.0500,3.0000,3.0500,3.0100,7018,0,
0,2025-04-14 19:16:55,3.4233,2.9100,3.1500,2.9100,16307,0,
0,2025-04-15 19:16:55,3.6100,2.9200,3.2000,2.9400,12184,0,
0,2025-04-16 19:16:55,3.0500,2.8500,2.9550,2.9000,14194,0,
0,2025-04-17 19:16:55,2.9399,2.8000,2.9000,2.8000,11668,0,
0,2025-04-21 19:16:55,3.2925,2.8300,2.9200,2.8750,23972,0,
0,2025-04-22 19:16:55,3.0900,2.7700,2.7700,2.9100,7510,0,
0,2025-04-23 19:16:55,3.2696,2.9400,3.0500,2.9400,12043,0,
0,2025-04-24 19:16:55,3.4811,2.9100,3.1300,2.9450,77910,0,
0,2025-04-25 19:16:55,3.1000,2.8400,3.0700,2.8400,19963,0,
0,2025-04-28 19:16:55,2.9000,2.8750,2.9000,2.8850,8972,0,
0,2025-04-29 19:16:55,3.0400,2.8600,2.8710,2.8900,11205,0,
0,2025-04-30 19:16:55,3.1800,2.9000,3.0498,2.9200,13708,0,
0,2025-05-01 19:16:55,3.0900,2.8500,3.0900,2.8700,21058,0,
0,2025-05-02 19:16:55,2.9200,2.7900,2.9100,2.7900,32902,0,
0,2025-05-05 19:16:55,2.7500,2.1800,2.7500,2.4200,152392,0,
0,2025-05-06 19:16:55,2.7800,2.3850,2.4900,2.4800,159548,0,
0,2025-05-07 19:16:55,2.5200,2.3000,2.5200,2.3200,282285,0,
0,2025-05-08 19:16:55,2.7750,2.3200,2.3800,2.4000,112750,0,
0,2025-05-09 19:16:55,2.4500,2.3200,2.4000,2.3250,80203,0,
0,2025-05-12 19:16:55,2.5958,2.3000,2.4298,2.4600,10849,0,
0,2025-05-13 19:16:55,2.7053,2.4000,2.4620,2.4500,34206,0,
0,2025-05-14 19:16:55,2.7097,2.2600,2.2600,2.6100,291687,0,
0,2025-05-15 19:16:55,2.9754,2.6000,2.6100,2.8100,11446,0,
0,2025-05-16 19:16:55,3.0500,2.7200,3.0000,2.8500,26869,0,
0,2025-05-19 19:16:55,2.8500,2.6800,2.8150,2.7200,10247,0,
0,2025-05-20 19:16:55,3.0000,2.7711,2.7711,2.9100,8775,0,
0,2025-05-21 19:16:55,3.2220,2.4866,2.9200,3.1000,47578,0,
0,2025-05-22 19:16:55,3.3500,3.0000,3.0000,3.2300,22450,0,
0,2025-05-23 19:16:55,3.3900,3.1000,3.1400,3.2500,21939,0,
0,2025-05-27 19:16:55,3.3976,3.2000,3.3976,3.2900,11231,0,
0,2025-05-28 19:16:55,3.4500,2.9900,3.4500,3.0600,25261,0,
0,2025-05-29 19:16:55,3.4300,3.0000,3.0600,3.1700,11142,0,
0,2025-05-30 19:16:55,3.1500,3.0700,3.1500,3.1000,5364,0,
0,2025-06-02 19:16:55,3.2900,3.0500,3.1100,3.1100,6862,0,
0,2025-06-03 19:16:55,3.2800,2.8000,3.1600,2.9800,24006,0,
0,2025-06-04 19:16:55,3.2000,2.9000,3.0300,2.9000,17507,0,
0,2025-06-05 19:16:55,3.1700,2.8800,3.1700,2.9400,21886,0,
0,2025-06-06 19:16:55,3.1999,2.8800,3.0000,2.9000,21849,0,
0,2025-06-09 19:16:55,3.1105,2.9800,3.0000,3.0200,15982,0,
0,2025-06-10 19:16:55,3.2500,3.0000,3.0000,3.2400,77764,0,
0,2025-06-11 19:16:55,3.2600,2.9500,3.2100,3.0100,81964,0,
0,2025-06-12 19:16:55,4.1900,3.0500,3.0500,4.0300,225493,0,
0,2025-06-13 19:16:55,4.0900,3.6000,4.0300,3.8263,26168,0,
0,2025-06-16 19:16:55,3.8000,3.2537,3.8000,3.3850,16278,0,
0,2025-06-17 19:16:55,3.8000,3.3900,3.3900,3.5591,74058,0,
0,2025-06-18 19:16:55,3.7499,3.3800,3.5600,3.7202,9323,0,
0,2025-06-20 19:16:55,3.9800,3.4392,3.5300,3.6500,56242,0,
0,2025-06-23 19:16:55,3.5581,3.3056,3.4100,3.3664,29055,0,
0,2025-06-24 19:16:55,3.6000,3.3500,3.3500,3.4400,4428,0,
0,2025-06-25 19:16:55,3.4100,3.3900,3.4100,3.3900,1597,0,
0,2025-06-26 19:16:55,3.5000,3.2601,3.4600,3.4099,8890,0,
0,2025-06-27 19:16:55,3.4500,3.0600,3.4500,3.0600,45397,0,
0,2025-06-30 19:16:55,3.2500,3.1118,3.2500,3.1600,10450,0,
0,2025-07-01 19:16:55,3.2400,3.1400,3.2000,3.2000,6409,0,
0,2025-07-02 19:16:55,3.3182,3.2200,3.2900,3.2300,4787,0,
0,2025-07-03 19:16:55,3.4050,3.2300,3.2400,3.4000,6261,0,
0,2025-07-07 19:16:55,3.5600,3.3100,3.3100,3.5600,7654,0,
0,2025-07-08 19:16:55,3.7849,3.5100,3.5312,3.7000,20647,0,
0,2025-07-09 19:16:55,3.8770,3.7700,3.7700,3.8628,19069,0,
0,2025-07-10 19:16:55,3.9800,3.8800,3.8800,3.9800,5729,0,
0,2025-07-11 19:16:55,4.4481,3.9200,3.9200,4.2167,15945,0,
0,2025-07-14 19:16:55,4.9599,4.3200,4.3800,4.6300,32835,0,
0,2025-07-15 19:16:55,4.9251,4.5497,4.6500,4.8439,20196,0,
0,2025-07-16 19:16:55,4.8500,4.4684,4.8500,4.6000,20838,0,
0,2025-07-17 19:16:55,4.7974,4.5200,4.6500,4.6100,19987,0,
0,2025-07-18 19:16:55,4.8427,4.6679,4.7900,4.7000,11909,0,
0,2025-07-21 19:16:55,5.0000,4.7500,4.7500,4.9930,22330,0,
0,2025-07-22 19:16:55,5.9500,5.0200,5.2000,5.8267,42508,0,
0,!ENDMSG!,
