0,2025-03-11 19:17:07,7.8600,7.2401,7.6300,7.7200,20290017,0,
0,2025-03-12 19:17:07,7.9900,7.4950,7.8700,7.8500,17212624,0,
0,2025-03-13 19:17:07,7.8800,7.2500,7.8500,7.3100,18296879,0,
0,2025-03-14 19:17:07,7.9000,7.4950,7.5400,7.8200,18914986,0,
0,2025-03-17 19:17:07,8.0000,7.5700,7.6900,7.7600,19650062,0,
0,2025-03-18 19:17:07,7.8200,7.3900,7.6100,7.4000,20640970,0,
0,2025-03-19 19:17:07,7.9500,7.4200,7.4600,7.7800,19017206,0,
0,2025-03-20 19:17:07,8.1293,7.6500,7.7100,7.7600,19130498,0,
0,2025-03-21 19:17:07,8.0300,7.5000,7.6200,7.9500,25519356,0,
0,2025-03-24 19:17:07,8.7300,8.1600,8.2100,8.7200,29862730,0,
0,2025-03-25 19:17:07,8.8300,8.3300,8.7500,8.5100,30896653,0,
0,2025-03-26 19:17:07,8.4900,7.8500,8.4500,7.9000,21150519,0,
0,2025-03-27 19:17:07,8.1800,7.6600,7.7500,7.7700,21901985,0,
0,2025-03-28 19:17:07,7.7581,7.2900,7.6600,7.4100,22949445,0,
0,2025-03-31 19:17:07,7.2563,6.8700,7.1200,7.1200,21383774,0,
0,2025-04-01 19:17:07,7.6000,6.9900,7.1700,7.5400,21919728,0,
0,2025-04-02 19:17:07,8.0600,7.3000,7.3300,8.0200,30412182,0,
0,2025-04-03 19:17:07,7.5000,7.2000,7.2750,7.3000,18115933,0,
0,2025-04-04 19:17:07,7.1900,6.4000,7.0800,7.1400,20823391,0,
0,2025-04-07 19:17:07,7.7500,6.3850,6.5000,7.1100,26088029,0,
0,2025-04-08 19:17:07,7.4300,6.3000,7.4300,6.5400,23423601,0,
0,2025-04-09 19:17:07,7.5000,6.2201,6.5200,7.3750,32597815,0,
0,2025-04-10 19:17:07,7.1600,6.6050,7.1000,6.7900,18398434,0,
0,2025-04-11 19:17:07,7.1172,6.7500,6.8500,7.0600,14522412,0,
0,2025-04-14 19:17:07,7.3900,6.9100,7.3400,7.0100,28604284,0,
0,2025-04-15 19:17:07,7.0903,6.5100,6.9800,6.5500,24971761,0,
0,2025-04-16 19:17:07,6.5299,6.2000,6.4200,6.3600,34267409,0,
0,2025-04-17 19:17:07,6.4700,6.1900,6.3900,6.4600,20974655,0,
0,2025-04-21 19:17:07,6.6700,6.2550,6.4900,6.2900,27824412,0,
0,2025-04-22 19:17:07,7.1900,6.4400,6.4700,7.1200,39942669,0,
0,2025-04-23 19:17:07,7.8300,7.4000,7.4300,7.5000,40070490,0,
0,2025-04-24 19:17:07,7.8600,7.3300,7.4400,7.7900,24749788,0,
0,2025-04-25 19:17:07,8.0500,7.7100,7.9000,7.7700,28068873,0,
0,2025-04-28 19:17:07,7.8400,7.3400,7.8100,7.6300,30193141,0,
0,2025-04-29 19:17:07,7.6100,7.2450,7.5900,7.4200,43903366,0,
0,2025-04-30 19:17:07,7.2898,6.9600,7.2100,7.2400,30845849,0,
0,2025-05-01 19:17:07,7.9700,7.4000,7.4900,7.7700,43539531,0,
0,2025-05-02 19:17:07,8.8100,7.8700,7.8900,8.3900,53438719,0,
0,2025-05-05 19:17:07,8.1750,7.6700,8.1500,7.9000,33472199,0,
0,2025-05-06 19:17:07,7.9600,7.6600,7.7000,7.8600,23708278,0,
0,2025-05-07 19:17:07,8.0550,7.6800,8.0000,7.8400,22644387,0,
0,2025-05-08 19:17:07,8.6900,8.0800,8.2000,8.4400,30927095,0,
0,2025-05-09 19:17:07,8.8900,8.2600,8.5200,8.4800,32559819,0,
0,2025-05-12 19:17:07,9.1200,8.4750,9.0200,8.7000,29993454,0,
0,2025-05-13 19:17:07,9.0900,8.6300,8.8800,9.0600,32790152,0,
0,2025-05-14 19:17:07,9.0600,8.8000,9.0300,8.9100,20643297,0,
0,2025-05-15 19:17:07,8.8000,8.3923,8.7300,8.7000,28851755,0,
0,2025-05-16 19:17:07,9.4700,8.7100,8.7100,9.1500,36915527,0,
0,2025-05-19 19:17:07,9.0680,8.6850,8.8200,8.9700,21131836,0,
0,2025-05-20 19:17:07,8.9900,8.6550,8.9100,8.9300,20156527,0,
0,2025-05-21 19:17:07,9.32,8.72,8.85,8.84,37772857,0,
0,2025-05-22 19:17:07,9.5200,8.8300,9.1900,8.9400,40257181,0,
0,2025-05-23 19:17:07,8.8100,8.4700,8.6600,8.5500,23067513,0,
0,2025-05-27 19:17:07,9.1950,8.6700,8.8550,9.1400,40428200,0,
0,2025-05-28 19:17:07,9.0900,8.3600,9.0900,8.3800,39052889,0,
0,2025-05-29 19:17:07,8.4900,8.0900,8.4900,8.1800,31295153,0,
0,2025-05-30 19:17:07,8.2650,7.9300,8.0800,8.0700,34036571,0,
0,2025-06-02 19:17:07,8.4900,7.9900,8.0000,8.4800,34057127,0,
0,2025-06-03 19:17:07,9.0900,8.4900,8.5500,9.0300,42216778,0,
0,2025-06-04 19:17:07,9.6400,8.9000,8.9600,9.5000,39116406,0,
0,2025-06-05 19:17:07,9.6899,8.8800,9.6550,8.9900,46395756,0,
0,2025-06-06 19:17:07,10.2000,9.2200,9.2500,9.8500,55897446,0,
0,2025-06-09 19:17:07,10.2600,9.5400,10.2550,10.1200,49134548,0,
0,2025-06-10 19:17:07,10.5000,9.9700,10.2300,10.4500,49548825,0,
0,2025-06-11 19:17:07,10.8700,10.2612,10.4400,10.5500,41081525,0,
0,2025-06-12 19:17:07,10.6350,10.1250,10.2300,10.2100,26537170,0,
0,2025-06-13 19:17:07,10.2097,9.5000,9.9350,9.7200,39189180,0,
0,2025-06-16 19:17:07,10.2100,9.7200,9.8700,10.1700,46929479,0,
0,2025-06-17 19:17:07,10.0500,9.3600,10.0400,9.6600,42121676,0,
0,2025-06-18 19:17:07,10.0600,9.4600,9.5800,9.9400,50959369,0,
0,2025-06-20 19:17:07,10.1399,9.4800,10.0800,9.5600,33914875,0,
0,2025-06-23 19:17:07,9.5500,8.8700,9.2500,9.2700,40675621,0,
0,2025-06-24 19:17:07,10.0500,9.3600,9.4400,10.0200,45854587,0,
0,2025-06-25 19:17:07,10.3900,9.8300,10.2700,10.0000,34228555,0,
0,2025-06-26 19:17:07,10.6400,9.7035,9.9000,10.5100,57591327,0,
0,2025-06-27 19:17:07,10.9000,10.2800,10.5600,10.5500,56141907,0,
0,2025-06-30 19:17:07,11.4400,10.6500,10.7650,11.3000,49089118,0,
0,2025-07-01 19:17:07,11.6100,11.0300,11.1350,11.2700,49405917,0,
0,2025-07-02 19:17:07,12.2700,11.4850,11.5300,12.2000,44099952,0,
0,2025-07-03 19:17:07,12.7300,12.0450,12.2150,12.1700,27630626,0,
0,2025-07-07 19:17:07,11.8800,10.9300,11.8700,11.5500,26513502,0,
0,2025-07-08 19:17:07,12.0000,11.5550,11.7800,11.5700,18320416,0,
0,2025-07-09 19:17:07,12.2900,11.4100,11.8100,12.2400,30139764,0,
0,2025-07-10 19:17:07,12.7700,11.9550,12.1600,12.5900,30089659,0,
0,2025-07-11 19:17:07,13.0300,12.3400,12.9400,12.4200,31304532,0,
0,2025-07-14 19:17:07,13.6500,12.2600,12.7550,12.5100,53371779,0,
0,2025-07-15 19:17:07,12.4050,11.9000,12.2000,12.1000,30289122,0,
0,2025-07-16 19:17:07,12.8750,12.4400,12.4600,12.5700,30468987,0,
0,2025-07-17 19:17:07,13.4800,12.3300,12.6000,13.3300,50020101,0,
0,2025-07-18 19:17:07,14.1200,13.2400,13.5000,13.8600,54887030,0,
0,2025-07-21 19:17:07,15.3400,13.9250,14.1500,14.0200,127903710,0,
0,2025-07-22 19:17:07,14.3600,13.6550,14.2900,14.2700,55230486,0,
0,!ENDMSG!,
