0,2025-03-11 19:16:44,1.2300,1.1800,1.2100,1.2000,135913,0,
0,2025-03-12 19:16:44,1.2600,1.1300,1.2100,1.2400,347922,0,
0,2025-03-13 19:16:44,1.2500,1.1700,1.2500,1.1800,205191,0,
0,2025-03-14 19:16:44,1.2500,1.1600,1.1600,1.2500,274344,0,
0,2025-03-17 19:16:44,1.3700,1.2200,1.2500,1.3400,339027,0,
0,2025-03-18 19:16:44,1.3931,1.2600,1.3900,1.3000,229995,0,
0,2025-03-19 19:16:44,1.3199,1.2550,1.2700,1.2900,250682,0,
0,2025-03-20 19:16:44,1.3300,1.2700,1.2700,1.3100,203936,0,
0,2025-03-21 19:16:44,1.3100,1.2300,1.3100,1.2800,317564,0,
0,2025-03-24 19:16:44,1.4331,1.2675,1.2800,1.3500,865502,0,
0,2025-03-25 19:16:44,1.3900,1.3300,1.3600,1.3600,222955,0,
0,2025-03-26 19:16:44,1.4300,1.3000,1.3900,1.3400,228569,0,
0,2025-03-27 19:16:44,1.3700,1.3200,1.3600,1.3600,190687,0,
0,2025-03-28 19:16:44,1.3700,1.2800,1.3700,1.2900,240940,0,
0,2025-03-31 19:16:44,1.2900,1.2300,1.2800,1.2900,209916,0,
0,2025-04-01 19:16:44,1.3100,1.1816,1.2600,1.2900,248597,0,
0,2025-04-02 19:16:44,1.3000,1.1901,1.2400,1.2200,534454,0,
0,2025-04-03 19:16:44,1.1900,1.1100,1.1900,1.1100,357471,0,
0,2025-04-04 19:16:44,1.0800,0.9800,1.0700,1.0400,375471,0,
0,2025-04-07 19:16:44,1.0300,0.9198,1.0100,1.0100,250823,0,
0,2025-04-08 19:16:44,1.0800,1.0200,1.0300,1.0300,217446,0,
0,2025-04-09 19:16:44,1.1200,0.9600,1.0400,1.1100,562023,0,
0,2025-04-10 19:16:44,1.1000,1.0174,1.0900,1.0500,154711,0,
0,2025-04-11 19:16:44,1.2700,1.0500,1.0500,1.1600,612088,0,
0,2025-04-14 19:16:44,1.1900,1.1000,1.1500,1.1300,166782,0,
0,2025-04-15 19:16:44,1.1799,1.0300,1.1400,1.0600,253655,0,
0,2025-04-16 19:16:44,1.1160,1.0400,1.0700,1.0800,107825,0,
0,2025-04-17 19:16:44,1.1200,0.9776,1.0900,1.0300,242577,0,
0,2025-04-21 19:16:44,1.0700,0.9500,1.0400,1.0100,225530,0,
0,2025-04-22 19:16:44,1.0200,0.9800,1.0200,1.0200,141385,0,
0,2025-04-23 19:16:44,1.1263,1.0300,1.0400,1.0600,312064,0,
0,2025-04-24 19:16:44,1.1400,1.0700,1.0700,1.1400,213764,0,
0,2025-04-25 19:16:44,1.1500,1.0900,1.1100,1.1100,141040,0,
0,2025-04-28 19:16:44,1.1400,1.0900,1.1400,1.1300,127271,0,
0,2025-04-29 19:16:44,1.0800,0.9210,1.0800,0.9600,795152,0,
0,2025-04-30 19:16:44,0.9497,0.7240,0.9497,0.7990,1071609,0,
0,2025-05-01 19:16:44,0.8200,0.7500,0.8200,0.7500,473078,0,
0,2025-05-02 19:16:44,0.9478,0.7802,0.7991,0.9300,1163561,0,
0,2025-05-05 19:16:44,0.9390,0.8500,0.9300,0.8706,428274,0,
0,2025-05-06 19:16:44,0.8899,0.8310,0.8700,0.8790,140916,0,
0,2025-05-07 19:16:44,0.8990,0.8310,0.8526,0.8816,171146,0,
0,2025-05-08 19:16:44,0.9321,0.8500,0.9070,0.9128,297837,0,
0,2025-05-09 19:16:44,0.9400,0.8834,0.9323,0.8999,193073,0,
0,2025-05-12 19:16:44,0.9900,0.8597,0.9500,0.8863,456648,0,
0,2025-05-13 19:16:44,0.9787,0.8700,0.8878,0.9500,1019622,0,
0,2025-05-14 19:16:44,0.9750,0.8570,0.9400,0.8839,717674,0,
0,2025-05-15 19:16:44,0.8880,0.8380,0.8880,0.8685,290311,0,
0,2025-05-16 19:16:44,0.9700,0.8400,0.9256,0.9120,1724003,0,
0,2025-05-19 19:16:44,0.9200,0.8616,0.9100,0.8913,305527,0,
0,2025-05-20 19:16:44,0.9100,0.8044,0.8810,0.8188,390927,0,
0,2025-05-21 19:16:44,0.8298,0.7500,0.8209,0.7760,581595,0,
0,2025-05-22 19:16:44,0.8200,0.7500,0.7774,0.8100,400778,0,
0,2025-05-23 19:16:44,0.8190,0.7836,0.8000,0.8060,169869,0,
0,2025-05-27 19:16:44,0.8565,0.7947,0.8090,0.8565,294925,0,
0,2025-05-28 19:16:44,0.8750,0.8315,0.8332,0.8530,223479,0,
0,2025-05-29 19:16:44,0.8734,0.8200,0.8734,0.8550,124903,0,
0,2025-05-30 19:16:44,0.8500,0.7901,0.8500,0.7901,149073,0,
0,2025-06-02 19:16:44,1.4800,0.8112,0.8500,1.2900,26931060,0,
0,2025-06-03 19:16:44,1.4300,1.1501,1.1700,1.2300,4648262,0,
0,2025-06-04 19:16:44,1.2399,1.0400,1.2300,1.0600,3752267,0,
0,2025-06-05 19:16:44,1.3100,1.0200,1.1100,1.0600,5372999,0,
0,2025-06-06 19:16:44,1.4400,1.0700,1.1200,1.2400,10485781,0,
0,2025-06-09 19:16:44,1.6400,1.3100,1.4100,1.4700,21321767,0,
0,2025-06-10 19:16:44,1.5997,1.3200,1.5800,1.4000,5663423,0,
0,2025-06-11 19:16:44,1.3900,1.1300,1.3900,1.1900,4967686,0,
0,2025-06-12 19:16:44,1.2600,1.1300,1.2100,1.2000,2770826,0,
0,2025-06-13 19:16:44,1.4000,1.1700,1.3400,1.3000,6448555,0,
0,2025-06-16 19:16:44,1.5800,1.2800,1.3400,1.5300,7739800,0,
0,2025-06-17 19:16:44,1.5600,1.2100,1.5600,1.2900,5608507,0,
0,2025-06-18 19:16:44,1.3400,1.2500,1.3100,1.2600,2316334,0,
0,2025-06-20 19:16:44,1.2750,1.0800,1.2700,1.1600,3903282,0,
0,2025-06-23 19:16:44,1.1404,0.9700,1.1100,1.1200,3024041,0,
0,2025-06-24 19:16:44,1.1299,1.0200,1.1200,1.0600,1421418,0,
0,2025-06-25 19:16:44,1.1500,1.0600,1.0700,1.1200,2176543,0,
0,2025-06-26 19:16:44,1.1600,1.0750,1.1200,1.1500,1561416,0,
0,2025-06-27 19:16:44,1.1700,1.0600,1.1700,1.0800,1053423,0,
0,2025-06-30 19:16:44,1.1400,1.0300,1.0800,1.0300,2014676,0,
0,2025-07-01 19:16:44,1.1100,1.0150,1.0300,1.0800,1019696,0,
0,2025-07-02 19:16:44,1.1100,1.0700,1.0700,1.1000,755351,0,
0,2025-07-03 19:16:44,1.1250,1.0800,1.1100,1.0900,415833,0,
0,2025-07-07 19:16:44,1.2000,1.0900,1.1300,1.1500,1631075,0,
0,2025-07-08 19:16:44,1.1800,1.1100,1.1700,1.1500,724570,0,
0,2025-07-09 19:16:44,1.2300,1.1419,1.1600,1.2000,1384537,0,
0,2025-07-10 19:16:44,1.2700,1.1700,1.2300,1.2400,6269834,0,
0,2025-07-11 19:16:44,1.6300,1.3200,1.4100,1.6000,15316625,0,
0,2025-07-14 19:16:44,1.7800,1.4200,1.7600,1.4900,12827782,0,
0,2025-07-15 19:16:44,1.4300,1.2500,1.3700,1.2600,5637492,0,
0,2025-07-16 19:16:44,1.5000,1.2800,1.3100,1.4600,6679711,0,
0,2025-07-17 19:16:44,1.6450,1.4100,1.5500,1.4700,6133815,0,
0,2025-07-18 19:16:44,2.3700,1.7500,2.0100,2.0200,145846229,0,
0,2025-07-21 19:16:44,2.6700,1.8600,2.3800,1.9400,32660818,0,
0,2025-07-22 19:16:44,2.3100,2.0300,2.2800,2.1200,18067845,0,
0,!ENDMSG!,
