0,2025-03-17 19:49:33,1.1400,0.9650,0.9650,1.1000,1324199,0,
0,2025-03-18 19:49:33,1.1300,1.0000,1.0700,1.0400,777400,0,
0,2025-03-19 19:49:33,1.1100,1.0200,1.0300,1.0900,588937,0,
0,2025-03-20 19:49:33,1.1000,1.0400,1.0700,1.0400,618765,0,
0,2025-03-21 19:49:33,1.0900,1.0100,1.0400,1.0300,639249,0,
0,2025-03-24 19:49:33,1.0459,1.0000,1.0100,1.0100,932417,0,
0,2025-03-25 19:49:33,1.1000,1.0200,1.0300,1.0600,1027652,0,
0,2025-03-26 19:49:33,1.0700,1.0100,1.0600,1.0100,428981,0,
0,2025-03-27 19:49:33,1.2200,1.0000,1.0100,1.1800,3171933,0,
0,2025-03-28 19:49:33,1.1750,1.0000,1.1500,1.0300,2250444,0,
0,2025-03-31 19:49:33,1.0300,0.9700,1.0100,1.0300,804531,0,
0,2025-04-01 19:49:33,1.0500,0.9900,1.0300,1.0200,517468,0,
0,2025-04-02 19:49:33,1.0277,0.9800,1.0100,1.0200,477625,0,
0,2025-04-03 19:49:33,1.0200,0.9593,1.0000,1.0100,769279,0,
0,2025-04-04 19:49:33,1.0171,0.9250,1.0100,0.9599,1221159,0,
0,2025-04-07 19:49:33,0.9850,0.8602,0.9100,0.9850,1173815,0,
0,2025-04-08 19:49:33,1.0300,0.9100,1.0000,0.9238,629832,0,
0,2025-04-09 19:49:33,0.9995,0.9200,0.9400,0.9961,736807,0,
0,2025-04-10 19:49:33,0.9959,0.9508,0.9814,0.9674,447281,0,
0,2025-04-11 19:49:33,1.0100,0.9800,0.9807,0.9881,371286,0,
0,2025-04-14 19:49:33,1.1000,1.0200,1.0300,1.0200,934994,0,
0,2025-04-15 19:49:33,1.0799,1.0300,1.0700,1.0600,630019,0,
0,2025-04-16 19:49:33,1.1500,1.0200,1.0600,1.0700,1010666,0,
0,2025-04-17 19:49:33,1.1700,1.0450,1.1000,1.1700,1293725,0,
0,2025-04-21 19:49:33,1.2000,1.0600,1.1900,1.1300,992518,0,
0,2025-04-22 19:49:33,1.1900,1.0700,1.1500,1.0700,1153455,0,
0,2025-04-23 19:49:33,1.1700,1.1000,1.1200,1.1100,654725,0,
0,2025-04-24 19:49:33,1.2100,1.1000,1.1000,1.2000,908477,0,
0,2025-04-25 19:49:33,1.2100,1.1300,1.2000,1.1500,463294,0,
0,2025-04-28 19:49:33,1.1600,1.1250,1.1500,1.1500,442939,0,
0,2025-04-29 19:49:33,1.5400,1.1100,1.1900,1.5300,7622227,0,
0,2025-04-30 19:49:33,1.7697,1.3100,1.5600,1.7100,9717141,0,
0,2025-05-01 19:49:33,1.6200,1.5000,1.5400,1.5600,3513932,0,
0,2025-05-02 19:49:33,1.5682,1.4000,1.5400,1.5000,2085855,0,
0,2025-05-05 19:49:33,1.7000,1.4600,1.4900,1.5000,2731440,0,
0,2025-05-06 19:49:33,1.4923,1.3800,1.4700,1.4100,1260929,0,
0,2025-05-07 19:49:33,1.4200,1.3000,1.4200,1.3400,1254452,0,
0,2025-05-08 19:49:33,1.4600,1.3200,1.3500,1.4100,1428158,0,
0,2025-05-09 19:49:33,1.4300,1.3578,1.4000,1.4000,856537,0,
0,2025-05-12 19:49:33,1.4900,1.3200,1.4100,1.3400,1633181,0,
0,2025-05-13 19:49:33,1.4100,1.3000,1.3400,1.4000,1223391,0,
0,2025-05-14 19:49:33,1.6000,1.3400,1.3800,1.5800,2695563,0,
0,2025-05-15 19:49:33,1.6200,1.4800,1.5800,1.5800,1716963,0,
0,2025-05-16 19:49:33,1.5800,1.2800,1.5200,1.5500,3790712,0,
0,2025-05-19 19:49:33,1.5100,1.3700,1.4600,1.3900,1738321,0,
0,2025-05-20 19:49:33,1.4450,1.3705,1.4400,1.3900,995458,0,
0,2025-05-21 19:49:33,1.4199,1.3100,1.3800,1.3200,954257,0,
0,2025-05-22 19:49:33,1.3300,1.2500,1.3000,1.2900,1141813,0,
0,2025-05-23 19:49:33,1.3600,1.2550,1.2900,1.3200,823695,0,
0,2025-05-27 19:49:33,1.4200,1.3350,1.3600,1.3800,1723799,0,
0,2025-05-28 19:49:33,1.4000,1.3490,1.3500,1.3600,704318,0,
0,2025-05-29 19:49:33,1.3900,1.3300,1.3900,1.3400,636483,0,
0,2025-05-30 19:49:33,1.3500,1.2900,1.3200,1.3100,749970,0,
0,2025-06-02 19:49:33,1.4200,1.3052,1.3100,1.3800,897920,0,
0,2025-06-03 19:49:33,1.5394,1.3900,1.4000,1.4800,1747537,0,
0,2025-06-04 19:49:33,1.5200,1.4500,1.5000,1.5000,982045,0,
0,2025-06-05 19:49:33,1.5500,1.4500,1.5400,1.4500,836551,0,
0,2025-06-06 19:49:33,1.4900,1.4200,1.4700,1.4600,817537,0,
0,2025-06-09 19:49:33,1.4800,1.4200,1.4800,1.4500,883445,0,
0,2025-06-10 19:49:33,1.4500,1.3600,1.4300,1.3800,1157108,0,
0,2025-06-11 19:49:33,1.4288,1.3600,1.3800,1.3700,583894,0,
0,2025-06-12 19:49:33,1.3900,1.3600,1.3700,1.3700,487979,0,
0,2025-06-13 19:49:33,1.3700,1.3100,1.3700,1.3200,660197,0,
0,2025-06-16 19:49:33,1.4000,1.3100,1.3200,1.3200,845055,0,
0,2025-06-17 19:49:33,1.3400,1.3000,1.3200,1.3000,745549,0,
0,2025-06-18 19:49:33,1.3600,1.3000,1.3000,1.3400,455065,0,
0,2025-06-20 19:49:33,1.3600,1.2600,1.3600,1.2700,915458,0,
0,2025-06-23 19:49:33,1.3200,1.2000,1.2600,1.2300,1106579,0,
0,2025-06-24 19:49:33,1.3000,1.2300,1.2600,1.2500,727977,0,
0,2025-06-25 19:49:33,1.2900,1.2400,1.2600,1.2800,899485,0,
0,2025-06-26 19:49:33,1.3850,1.2500,1.2700,1.3500,1260856,0,
0,2025-06-27 19:49:33,1.7200,1.3800,1.3900,1.4600,15952919,0,
0,2025-06-30 19:49:33,1.7100,1.4800,1.5490,1.6200,6264815,0,
0,2025-07-01 19:49:33,1.8000,1.5400,1.6300,1.6400,4161099,0,
0,2025-07-02 19:49:33,1.9200,1.6300,1.6400,1.8800,4819620,0,
0,2025-07-03 19:49:33,2.0500,1.7900,1.9200,1.8300,3177026,0,
0,2025-07-07 19:49:33,1.9700,1.7800,1.8800,1.8800,2364071,0,
0,2025-07-08 19:49:33,2.0400,1.8800,1.8900,1.9700,2912275,0,
0,2025-07-09 19:49:33,2.0100,1.7700,2.0000,1.8000,2486475,0,
0,2025-07-10 19:49:33,1.8500,1.7300,1.8300,1.7800,1677237,0,
0,2025-07-11 19:49:33,1.7950,1.6400,1.7700,1.6800,2053164,0,
0,2025-07-14 19:49:33,1.7300,1.5500,1.6550,1.6500,1994008,0,
0,2025-07-15 19:49:33,1.8950,1.6500,1.7000,1.8900,3570791,0,
0,2025-07-16 19:49:33,2.1900,1.8800,1.9400,2.0900,6728162,0,
0,2025-07-17 19:49:33,2.4900,1.9800,2.1400,2.3600,13626724,0,
0,2025-07-18 19:49:33,2.4800,2.2300,2.4800,2.4000,7505869,0,
0,2025-07-21 19:49:33,3.3000,2.5000,2.6900,2.5600,17477892,0,
0,2025-07-22 19:49:33,2.9000,2.4800,2.8900,2.8800,12192251,0,
