0,2025-03-17 19:49:18,1.7500,1.5000,1.7100,1.5600,71045,0,
0,2025-03-18 19:49:18,1.7700,1.5100,1.5100,1.7700,23374,0,
0,2025-03-19 19:49:18,2.1900,1.5807,1.7400,2.0400,69163,0,
0,2025-03-20 19:49:18,2.1700,1.9319,2.1600,1.9800,28956,0,
0,2025-03-21 19:49:18,2.0100,1.6100,1.9250,1.6100,226622,0,
0,2025-03-24 19:49:18,1.7100,1.5300,1.6300,1.5800,19424,0,
0,2025-03-25 19:49:18,1.7992,1.5300,1.6600,1.5300,68025,0,
0,2025-03-26 19:49:18,1.7050,1.5000,1.6000,1.5500,9620,0,
0,2025-03-27 19:49:18,1.5950,1.3800,1.5100,1.4000,14055,0,
0,2025-03-28 19:49:18,1.4250,1.2500,1.3900,1.3600,2457,0,
0,2025-03-31 19:49:18,1.3536,1.2500,1.3250,1.3000,5854,0,
0,2025-04-01 19:49:18,1.4000,1.1400,1.2974,1.1900,15190,0,
0,2025-04-02 19:49:18,1.2500,1.1200,1.1500,1.1500,6108,0,
0,2025-04-03 19:49:18,1.1500,1.0500,1.1500,1.0800,3432,0,
0,2025-04-04 19:49:18,1.0700,1.0000,1.0500,1.0200,37259,0,
0,2025-04-07 19:49:18,1.0800,1.0100,1.0100,1.0100,3665,0,
0,2025-04-08 19:49:18,1.0300,0.9500,1.0300,0.9800,14034,0,
0,2025-04-09 19:49:18,1.1282,0.9001,1.0500,0.9447,93732,0,
0,2025-04-10 19:49:18,1.1200,0.9415,0.9500,0.9600,40761,0,
0,2025-04-11 19:49:18,1.1100,0.9400,0.9400,0.9752,65344,0,
0,2025-04-14 19:49:18,1.1200,0.9408,0.9700,0.9500,14553,0,
0,2025-04-15 19:49:18,1.0300,0.9400,0.9400,0.9500,37991,0,
0,2025-04-16 19:49:18,1.0600,0.9400,0.9500,1.0400,1965,0,
0,2025-04-17 19:49:18,1.1000,1.0100,1.1000,1.0100,5626,0,
0,2025-04-21 19:49:18,1.0472,0.9500,1.0472,0.9500,4002,0,
0,2025-04-22 19:49:18,1.0200,0.9530,0.9530,0.9700,2745,0,
0,2025-04-23 19:49:18,0.9920,0.9700,0.9700,0.9700,2239,0,
0,2025-04-24 19:49:18,1.0900,0.9700,0.9950,1.0800,30689,0,
0,2025-04-25 19:49:18,1.1700,1.0400,1.1200,1.1400,8525,0,
0,2025-04-28 19:49:18,1.1600,1.1178,1.1178,1.1500,1249,0,
0,2025-04-29 19:49:18,1.2400,1.1400,1.1400,1.1800,7346,0,
0,2025-04-30 19:49:18,1.2591,1.1900,1.1900,1.2100,8768,0,
0,2025-05-01 19:49:18,1.2919,1.1800,1.2400,1.1800,3518,0,
0,2025-05-02 19:49:18,1.2018,1.1200,1.1800,1.1500,5006,0,
0,2025-05-05 19:49:18,1.1500,1.1500,1.1500,1.1500,703,0,
0,2025-05-06 19:49:18,1.1512,1.1000,1.1512,1.1100,692,0,
0,2025-05-07 19:49:18,1.3000,1.0168,1.1000,1.0700,50533,0,
0,2025-05-08 19:49:18,1.2600,1.0700,1.1800,1.0700,7120,0,
0,2025-05-09 19:49:18,1.1500,1.0400,1.1500,1.0400,2748,0,
0,2025-05-12 19:49:18,1.0600,0.9700,1.0500,0.9800,44714,0,
0,2025-05-13 19:49:18,1.0075,0.9750,0.9800,0.9751,3115,0,
0,2025-05-14 19:49:18,1.1000,0.9710,0.9710,0.9800,20968,0,
0,2025-05-15 19:49:18,1.0800,0.9800,1.0300,1.0100,12986,0,
0,2025-05-16 19:49:18,1.1000,1.0000,1.0300,1.0200,15993,0,
0,2025-05-19 19:49:18,1.0600,1.0100,1.0119,1.0600,5658,0,
0,2025-05-20 19:49:18,1.1000,1.0000,1.0000,1.0101,6367,0,
0,2025-05-21 19:49:18,1.12,1.01,1.01,1.12,7569,0,
0,2025-05-22 19:49:18,1.1666,1.0900,1.1000,1.1100,24907,0,
0,2025-05-23 19:49:18,1.1200,1.0900,1.1000,1.1200,4279,0,
0,2025-05-27 19:49:18,1.1521,1.0976,1.1000,1.1300,3083,0,
0,2025-05-28 19:49:18,1.1485,1.0600,1.1485,1.0800,8485,0,
0,2025-05-29 19:49:18,1.0600,0.9999,1.0600,1.0500,3154,0,
0,2025-05-30 19:49:18,1.0444,0.9985,1.0300,1.0444,6763,0,
0,2025-06-02 19:49:18,1.0699,1.0124,1.0418,1.0582,3604,0,
0,2025-06-03 19:49:18,1.1009,1.0500,1.0700,1.0800,3757,0,
0,2025-06-04 19:49:18,1.0500,1.0500,1.0500,1.0500,1855,0,
0,2025-06-05 19:49:18,1.1270,1.0300,1.0300,1.1270,5655,0,
0,2025-06-06 19:49:18,1.1500,1.0800,1.1100,1.0800,2745,0,
0,2025-06-09 19:49:18,1.1100,1.0500,1.0618,1.1000,5608,0,
0,2025-06-10 19:49:18,1.1800,1.0600,1.0600,1.0900,6220,0,
0,2025-06-11 19:49:18,1.1800,1.1000,1.1765,1.1600,3206,0,
0,2025-06-12 19:49:18,1.3500,1.1800,1.1800,1.2700,9666,0,
0,2025-06-13 19:49:18,1.4500,1.2175,1.2175,1.3900,8824,0,
0,2025-06-16 19:49:18,1.6200,1.4500,1.4500,1.5800,15251,0,
0,2025-06-17 19:49:18,1.6900,1.4340,1.5700,1.4700,14195,0,
0,2025-06-18 19:49:18,1.5854,1.3210,1.5000,1.5500,7800,0,
0,2025-06-20 19:49:18,1.5900,1.4300,1.5800,1.5400,8275,0,
0,2025-06-23 19:49:18,1.6000,1.4500,1.4500,1.5200,9315,0,
0,2025-06-24 19:49:18,1.5613,1.4800,1.4800,1.5000,2787,0,
0,2025-06-25 19:49:18,1.4800,1.4100,1.4700,1.4700,1574,0,
0,2025-06-26 19:49:18,1.4400,1.3126,1.3126,1.4200,5095,0,
0,2025-06-27 19:49:18,1.4700,1.3700,1.3700,1.4600,24507,0,
0,2025-06-30 19:49:18,1.4850,1.4400,1.4850,1.4400,2481,0,
0,2025-07-01 19:49:18,2.1700,1.3600,1.4550,1.7500,110768,0,
0,2025-07-02 19:49:18,2.4600,1.3899,1.7900,1.8100,86314,0,
0,2025-07-03 19:49:18,1.8100,1.6800,1.8100,1.6800,10666,0,
0,2025-07-07 19:49:18,2.0000,1.5700,1.6900,1.6450,75188,0,
0,2025-07-08 19:49:18,1.8300,1.6200,1.6200,1.6500,17882,0,
0,2025-07-09 19:49:18,1.7895,1.7000,1.7400,1.7400,3023,0,
0,2025-07-10 19:49:18,1.7900,1.7115,1.7300,1.7700,8008,0,
0,2025-07-11 19:49:18,1.7300,1.6600,1.7300,1.6600,1052,0,
0,2025-07-14 19:49:18,1.8500,1.5750,1.6300,1.6100,19856,0,
0,2025-07-15 19:49:18,1.7800,1.5600,1.5600,1.5700,18448,0,
0,2025-07-16 19:49:18,1.7500,1.5728,1.7371,1.6000,37612,0,
0,2025-07-17 19:49:18,1.7400,1.5600,1.5600,1.6400,19524,0,
0,2025-07-18 19:49:18,1.7200,1.5300,1.5300,1.6400,7020,0,
0,2025-07-21 19:49:18,1.8000,1.5700,1.5700,1.8000,11491,0,
0,2025-07-22 19:49:18,1.9600,1.7700,1.7900,1.8300,28713,0,
