0,2025-03-17 19:49:26,0.9086,0.8310,0.8820,0.8900,149612,0,
0,2025-03-18 19:49:26,0.9894,0.9050,0.9100,0.9700,102711,0,
0,2025-03-19 19:49:26,1.0450,0.9655,0.9700,1.0100,323567,0,
0,2025-03-20 19:49:26,1.0450,0.9900,1.0100,1.0100,132618,0,
0,2025-03-21 19:49:26,1.0100,0.9600,1.0000,1.0050,120284,0,
0,2025-03-24 19:49:26,1.0500,1.0100,1.0200,1.0300,179744,0,
0,2025-03-25 19:49:26,1.0400,1.0100,1.0300,1.0150,118129,0,
0,2025-03-26 19:49:26,1.0550,0.9954,1.0100,1.0200,316449,0,
0,2025-03-27 19:49:26,1.0500,1.0000,1.0100,1.0300,166669,0,
0,2025-03-28 19:49:26,1.0300,0.9499,0.9800,0.9500,289511,0,
0,2025-03-31 19:49:26,1.0000,0.9131,0.9370,0.9179,89650,0,
0,2025-04-01 19:49:26,0.9599,0.9000,0.9000,0.9076,112358,0,
0,2025-04-02 19:49:26,0.9399,0.9007,0.9200,0.9300,62279,0,
0,2025-04-03 19:49:26,0.9400,0.8857,0.9000,0.8998,118672,0,
0,2025-04-04 19:49:26,0.9000,0.8446,0.8611,0.8610,156014,0,
0,2025-04-07 19:49:26,0.9400,0.8223,0.8600,0.8453,363649,0,
0,2025-04-08 19:49:26,0.9400,0.8014,0.8875,0.8191,242769,0,
0,2025-04-09 19:49:26,0.8053,0.7001,0.8000,0.7668,324432,0,
0,2025-04-10 19:49:26,0.7900,0.7100,0.7800,0.7491,200694,0,
0,2025-04-11 19:49:26,0.7790,0.7409,0.7500,0.7649,231422,0,
0,2025-04-14 19:49:26,0.8128,0.7600,0.7700,0.8001,196172,0,
0,2025-04-15 19:49:26,0.8349,0.8000,0.8000,0.8218,62249,0,
0,2025-04-16 19:49:26,0.8801,0.8130,0.8200,0.8698,139277,0,
0,2025-04-17 19:49:26,0.9285,0.8210,0.8700,0.8600,266974,0,
0,2025-04-21 19:49:26,0.8500,0.7862,0.8500,0.8000,188012,0,
0,2025-04-22 19:49:26,0.8480,0.7838,0.8480,0.8000,72191,0,
0,2025-04-23 19:49:26,0.8350,0.7863,0.8000,0.7955,254890,0,
0,2025-04-24 19:49:26,0.8499,0.8001,0.8168,0.8485,101674,0,
0,2025-04-25 19:49:26,0.8981,0.8044,0.8500,0.8417,71330,0,
0,2025-04-28 19:49:26,0.8698,0.8249,0.8410,0.8330,43485,0,
0,2025-04-29 19:49:26,0.8570,0.8210,0.8400,0.8445,46180,0,
0,2025-04-30 19:49:26,0.9137,0.8400,0.8699,0.8651,76506,0,
0,2025-05-01 19:49:26,0.9021,0.8438,0.8838,0.8518,64596,0,
0,2025-05-02 19:49:26,0.8797,0.8510,0.8510,0.8697,55537,0,
0,2025-05-05 19:49:26,0.8999,0.8401,0.8521,0.8875,118377,0,
0,2025-05-06 19:49:26,0.8939,0.8397,0.8609,0.8600,80214,0,
0,2025-05-07 19:49:26,0.8933,0.8301,0.8510,0.8476,52386,0,
0,2025-05-08 19:49:26,0.8699,0.8182,0.8455,0.8491,118687,0,
0,2025-05-09 19:49:26,0.8799,0.8101,0.8700,0.8588,77862,0,
0,2025-05-12 19:49:26,0.9200,0.8608,0.9000,0.8905,129665,0,
0,2025-05-13 19:49:26,0.9196,0.8852,0.9100,0.8998,108769,0,
0,2025-05-14 19:49:26,0.9392,0.8512,0.9100,0.8540,114751,0,
0,2025-05-15 19:49:26,0.9000,0.8251,0.8692,0.8645,369656,0,
0,2025-05-16 19:49:26,0.9090,0.8500,0.8600,0.8789,325433,0,
0,2025-05-19 19:49:26,0.8997,0.8540,0.8765,0.8884,282331,0,
0,2025-05-20 19:49:26,0.8975,0.8500,0.8900,0.8785,86674,0,
0,2025-05-21 19:49:26,0.887600,0.832301,0.867600,0.844100,75403,0,
0,2025-05-22 19:49:26,0.8690,0.8400,0.8600,0.8656,82633,0,
0,2025-05-23 19:49:26,0.8840,0.8401,0.8600,0.8630,129584,0,
0,2025-05-27 19:49:26,0.9060,0.8000,0.8643,0.8197,301430,0,
0,2025-05-28 19:49:26,0.8379,0.7699,0.8100,0.7866,316686,0,
0,2025-05-29 19:49:26,0.8217,0.7720,0.7810,0.7800,254010,0,
0,2025-05-30 19:49:26,0.7780,0.7500,0.7780,0.7610,152422,0,
0,2025-06-02 19:49:26,0.7924,0.7300,0.7700,0.7399,111437,0,
0,2025-06-03 19:49:26,0.7768,0.7302,0.7700,0.7350,252109,0,
0,2025-06-04 19:49:26,0.7622,0.7401,0.7500,0.7600,152128,0,
0,2025-06-05 19:49:26,0.7893,0.7501,0.7600,0.7750,96037,0,
0,2025-06-06 19:49:26,0.8200,0.7550,0.7800,0.7865,226416,0,
0,2025-06-09 19:49:26,0.7847,0.7300,0.7350,0.7610,4279614,0,
0,2025-06-10 19:49:26,0.8100,0.7400,0.7570,0.8100,501159,0,
0,2025-06-11 19:49:26,0.8186,0.7800,0.7817,0.8081,229374,0,
0,2025-06-12 19:49:26,0.8099,0.7900,0.8050,0.8079,102046,0,
0,2025-06-13 19:49:26,0.8172,0.7802,0.7900,0.8000,187688,0,
0,2025-06-16 19:49:26,0.8140,0.7900,0.8000,0.7965,166194,0,
0,2025-06-17 19:49:26,0.8000,0.7820,0.7900,0.7900,134558,0,
0,2025-06-18 19:49:26,0.8100,0.7800,0.7800,0.7900,95995,0,
0,2025-06-20 19:49:26,0.8500,0.7800,0.8000,0.8398,938662,0,
0,2025-06-23 19:49:26,0.8500,0.7915,0.8211,0.8204,224891,0,
0,2025-06-24 19:49:26,0.8399,0.8000,0.8144,0.8300,95264,0,
0,2025-06-25 19:49:26,0.8400,0.8100,0.8300,0.8400,64601,0,
0,2025-06-26 19:49:26,0.8400,0.8000,0.8200,0.8110,104132,0,
0,2025-06-27 19:49:26,0.8200,0.7700,0.8200,0.7700,283049,0,
0,2025-06-30 19:49:26,0.8000,0.7800,0.7800,0.8000,102131,0,
0,2025-07-01 19:49:26,0.8194,0.7900,0.7900,0.7928,110830,0,
0,2025-07-02 19:49:26,0.8300,0.7850,0.7900,0.8060,88722,0,
0,2025-07-03 19:49:26,0.8300,0.8100,0.8100,0.8123,27100,0,
0,2025-07-07 19:49:26,0.8395,0.8100,0.8300,0.8150,121721,0,
0,2025-07-08 19:49:26,0.8500,0.8000,0.8000,0.8328,135389,0,
0,2025-07-09 19:49:26,0.8800,0.8300,0.8428,0.8800,405847,0,
0,2025-07-10 19:49:26,0.8998,0.8460,0.8700,0.8755,147928,0,
0,2025-07-11 19:49:26,0.8899,0.8528,0.8800,0.8849,65260,0,
0,2025-07-14 19:49:26,0.8800,0.7800,0.8700,0.8290,297191,0,
0,2025-07-15 19:49:26,0.8480,0.8100,0.8260,0.8274,48326,0,
0,2025-07-16 19:49:26,0.8700,0.8281,0.8400,0.8360,61857,0,
0,2025-07-17 19:49:26,0.8383,0.3201,0.8300,0.6018,3786223,0,
0,2025-07-18 19:49:26,0.6000,0.3902,0.5800,0.4090,3663418,0,
0,2025-07-21 19:49:26,0.4235,0.2920,0.4137,0.3390,5973735,0,
0,2025-07-22 19:49:26,0.3962,0.3300,0.3500,0.3514,1738616,0,
