0,2025-03-17 19:49:40,6.2300,6.0300,6.1200,6.1200,588938,0,
0,2025-03-18 19:49:40,6.1175,5.5650,6.0400,5.5700,717890,0,
0,2025-03-19 19:49:40,5.6699,5.4000,5.5500,5.4200,659519,0,
0,2025-03-20 19:49:40,5.5200,5.2200,5.3600,5.2400,568910,0,
0,2025-03-21 19:49:40,5.2500,5.0200,5.1700,5.1400,1312017,0,
0,2025-03-24 19:49:40,5.2400,4.8900,5.1700,4.9400,1057310,0,
0,2025-03-25 19:49:40,5.0100,4.8000,4.9400,4.8400,685553,0,
0,2025-03-26 19:49:40,4.9100,4.6600,4.8400,4.8100,479085,0,
0,2025-03-27 19:49:40,4.9800,4.7700,4.8400,4.9200,483408,0,
0,2025-03-28 19:49:40,4.9900,4.6500,4.9400,4.7000,626539,0,
0,2025-03-31 19:49:40,4.6600,4.3700,4.5500,4.5900,566893,0,
0,2025-04-01 19:49:40,4.6700,4.3594,4.5900,4.5900,733643,0,
0,2025-04-02 19:49:40,4.7300,4.5100,4.5500,4.6200,540905,0,
0,2025-04-03 19:49:40,4.8496,4.4316,4.5000,4.8200,567343,0,
0,2025-04-04 19:49:40,4.8000,4.1501,4.7700,4.4600,905540,0,
0,2025-04-07 19:49:40,4.5600,4.0200,4.1600,4.3900,619584,0,
0,2025-04-08 19:49:40,4.5200,3.8800,4.4850,3.9150,673744,0,
0,2025-04-09 19:49:40,4.1000,3.7823,3.9300,4.0400,898990,0,
0,2025-04-10 19:49:40,4.0900,3.7236,4.0400,3.9000,595088,0,
0,2025-04-11 19:49:40,4.1000,3.8656,3.9500,4.1000,555720,0,
0,2025-04-14 19:49:40,4.1600,3.9300,4.1200,3.9800,537692,0,
0,2025-04-15 19:49:40,4.0500,3.8700,4.0000,4.0000,531821,0,
0,2025-04-16 19:49:40,4.0300,3.8100,3.9700,3.9000,658638,0,
0,2025-04-17 19:49:40,4.0400,3.8144,3.9100,3.8900,401931,0,
0,2025-04-21 19:49:40,3.9700,3.7700,3.8800,3.8500,450059,0,
0,2025-04-22 19:49:40,4.0450,3.7100,3.8900,3.7300,1089366,0,
0,2025-04-23 19:49:40,3.9700,3.7000,3.8000,3.7300,881055,0,
0,2025-04-24 19:49:40,3.9100,3.7300,3.7800,3.8500,810385,0,
0,2025-04-25 19:49:40,3.9169,3.6700,3.8300,3.8200,735755,0,
0,2025-04-28 19:49:40,4.2300,3.9200,3.9200,4.0400,880407,0,
0,2025-04-29 19:49:40,4.1859,3.9044,4.0800,4.0900,572331,0,
0,2025-04-30 19:49:40,4.1100,3.8500,4.1100,4.1000,611969,0,
0,2025-05-01 19:49:40,4.3200,4.0500,4.1200,4.0800,645444,0,
0,2025-05-02 19:49:40,4.1800,4.0200,4.1200,4.0350,439792,0,
0,2025-05-05 19:49:40,4.0700,3.7400,4.0700,3.7600,789170,0,
0,2025-05-06 19:49:40,3.8600,3.5768,3.8010,3.7400,987672,0,
0,2025-05-07 19:49:40,3.8600,3.6600,3.7200,3.8500,628495,0,
0,2025-05-08 19:49:40,4.2100,3.8800,3.9100,4.1900,952474,0,
0,2025-05-09 19:49:40,4.6031,4.2000,4.2000,4.2800,969272,0,
0,2025-05-12 19:49:40,4.7100,4.4700,4.4800,4.5800,898913,0,
0,2025-05-13 19:49:40,4.7500,4.2600,4.6600,4.2800,716184,0,
0,2025-05-14 19:49:40,4.3963,4.0100,4.3100,4.0300,1044069,0,
0,2025-05-15 19:49:40,4.0800,3.8900,4.0000,4.0500,565116,0,
0,2025-05-16 19:49:40,4.1900,3.9700,4.0500,4.1200,1853311,0,
0,2025-05-19 19:49:40,4.9000,3.9300,4.0600,4.8800,1714091,0,
0,2025-05-20 19:49:40,4.8900,4.5700,4.8900,4.5800,737823,0,
0,2025-05-21 19:49:40,4.6300,4.1811,4.5200,4.2200,864817,0,
0,2025-05-22 19:49:40,4.6000,4.0400,4.2000,4.5800,1001099,0,
0,2025-05-23 19:49:40,5.5400,4.4600,4.5000,5.4800,3143489,0,
0,2025-05-27 19:49:40,5.8400,4.8100,5.4800,5.7800,3002723,0,
0,2025-05-28 19:49:40,5.8100,5.4100,5.7600,5.6100,1262110,0,
0,2025-05-29 19:49:40,5.8400,5.2000,5.6900,5.2100,1004196,0,
0,2025-05-30 19:49:40,5.4300,4.9617,5.1300,5.1100,1172629,0,
0,2025-06-02 19:49:40,5.1200,4.8600,5.1000,4.9400,675958,0,
0,2025-06-03 19:49:40,5.8500,4.8900,5.0150,5.6300,1544822,0,
0,2025-06-04 19:49:40,5.9082,5.4818,5.6450,5.6400,1073349,0,
0,2025-06-05 19:49:40,5.6896,5.1600,5.6400,5.2000,1191469,0,
0,2025-06-06 19:49:40,7.4800,5.4100,5.4600,6.4700,12060436,0,
0,2025-06-09 19:49:40,8.0300,6.7600,6.8800,7.4700,3985519,0,
0,2025-06-10 19:49:40,7.7750,6.7000,7.7750,6.7200,2712005,0,
0,2025-06-11 19:49:40,7.0600,6.5700,6.9700,6.6400,1517005,0,
0,2025-06-12 19:49:40,6.6500,6.2200,6.5500,6.3200,1281236,0,
0,2025-06-13 19:49:40,6.3500,6.0100,6.1800,6.0300,867751,0,
0,2025-06-16 19:49:40,7.1500,6.0700,6.1300,6.9400,2425370,0,
0,2025-06-17 19:49:40,6.8600,5.8700,6.8000,5.9000,1886993,0,
0,2025-06-18 19:49:40,6.4200,5.7700,6.0600,6.0800,3533306,0,
0,2025-06-20 19:49:40,6.2700,5.7300,6.1500,5.9600,2228708,0,
0,2025-06-23 19:49:40,6.0346,5.6100,5.8500,5.8800,1204720,0,
0,2025-06-24 19:49:40,6.1900,5.8300,5.9500,5.9300,1601668,0,
0,2025-06-25 19:49:40,5.9800,5.7550,5.9700,5.8000,1023925,0,
0,2025-06-26 19:49:40,6.0500,5.7600,5.8550,5.9600,1122335,0,
0,2025-06-27 19:49:40,6.0000,5.4601,6.0000,5.5100,3758615,0,
0,2025-06-30 19:49:40,5.9500,5.4700,5.7900,5.6100,2101498,0,
0,2025-07-01 19:49:40,5.6200,5.1800,5.5400,5.2200,1628899,0,
0,2025-07-02 19:49:40,5.3600,5.1900,5.2201,5.3200,852513,0,
0,2025-07-03 19:49:40,5.6700,5.3934,5.4600,5.5000,1092644,0,
0,2025-07-07 19:49:40,5.6500,5.1800,5.5900,5.2100,1486225,0,
0,2025-07-08 19:49:40,5.3500,5.1100,5.2800,5.3000,1244623,0,
0,2025-07-09 19:49:40,5.7500,5.2300,5.3600,5.6000,3962956,0,
0,2025-07-10 19:49:40,6.3200,5.7011,5.9900,5.7400,5952809,0,
0,2025-07-11 19:49:40,5.6850,5.3200,5.6850,5.3700,2101485,0,
0,2025-07-14 19:49:40,5.3750,5.1000,5.3300,5.2500,1853338,0,
0,2025-07-15 19:49:40,5.3500,5.0700,5.2600,5.1400,1358692,0,
0,2025-07-16 19:49:40,5.1904,4.8000,5.1600,4.9900,3584552,0,
0,2025-07-17 19:49:40,5.2500,4.9800,5.0000,5.1600,2021297,0,
0,2025-07-18 19:49:40,5.4200,5.1500,5.1800,5.3100,1825012,0,
0,2025-07-21 19:49:40,5.6800,5.3200,5.3500,5.3600,1898335,0,
0,2025-07-22 19:49:40,5.8304,5.3000,5.3900,5.7300,2321246,0,
