0,2025-03-17 19:49:41,5.1635,4.3500,4.3700,5.0000,392773,0,
0,2025-03-18 19:49:41,5.1999,4.6500,5.1800,4.6900,335477,0,
0,2025-03-19 19:49:41,4.9100,4.5600,4.9100,4.6500,238720,0,
0,2025-03-20 19:49:41,4.7200,4.4200,4.6400,4.4500,215405,0,
0,2025-03-21 19:49:41,4.5090,4.2500,4.5000,4.3000,195011,0,
0,2025-03-24 19:49:41,4.4663,4.0801,4.4000,4.1000,373405,0,
0,2025-03-25 19:49:41,4.2166,3.7755,4.1000,4.0500,297949,0,
0,2025-03-26 19:49:41,4.1550,3.8863,4.0300,4.1500,156801,0,
0,2025-03-27 19:49:41,4.2487,3.9100,4.0200,4.1000,135265,0,
0,2025-03-28 19:49:41,3.2399,2.8201,3.1750,2.9400,689565,0,
0,2025-03-31 19:49:41,2.8900,2.5200,2.8500,2.8200,408773,0,
0,2025-04-01 19:49:41,2.8200,2.6700,2.7500,2.7500,217488,0,
0,2025-04-02 19:49:41,2.9099,2.7000,2.7500,2.8700,266344,0,
0,2025-04-03 19:49:41,2.7380,2.5500,2.6100,2.6600,277401,0,
0,2025-04-04 19:49:41,2.6999,2.5500,2.5900,2.6700,235369,0,
0,2025-04-07 19:49:41,2.8500,2.4500,2.6000,2.7700,321889,0,
0,2025-04-08 19:49:41,3.0000,2.5600,2.9000,2.5900,193988,0,
0,2025-04-09 19:49:41,2.9200,2.5000,2.5500,2.9000,470077,0,
0,2025-04-10 19:49:41,2.9600,2.7200,2.8200,2.8800,231916,0,
0,2025-04-11 19:49:41,2.9579,2.7200,2.8900,2.9100,205372,0,
0,2025-04-14 19:49:41,3.1800,2.9000,2.9500,3.0000,259187,0,
0,2025-04-15 19:49:41,4.4000,2.9900,2.9900,4.2500,2092908,0,
0,2025-04-16 19:49:41,5.0900,3.8100,4.1900,4.4800,1236351,0,
0,2025-04-17 19:49:41,5.0300,4.5800,4.6400,4.8250,449593,0,
0,2025-04-21 19:49:41,4.9399,4.4101,4.8500,4.6200,275898,0,
0,2025-04-22 19:49:41,5.7000,4.6400,4.6400,5.0400,733274,0,
0,2025-04-23 19:49:41,5.4200,4.8100,5.3000,5.0800,388558,0,
0,2025-04-24 19:49:41,5.3200,4.9000,5.0800,5.2800,186550,0,
0,2025-04-25 19:49:41,5.3872,4.9600,5.3300,5.0000,164422,0,
0,2025-04-28 19:49:41,5.5700,4.7000,5.0500,4.9900,383435,0,
0,2025-04-29 19:49:41,5.0800,4.6800,4.9900,4.7400,139658,0,
0,2025-04-30 19:49:41,4.9900,4.5210,4.7000,4.9900,109959,0,
0,2025-05-01 19:49:41,5.4600,4.9250,5.0400,5.1300,303172,0,
0,2025-05-02 19:49:41,5.5500,5.1390,5.3200,5.4500,204264,0,
0,2025-05-05 19:49:41,5.4200,4.8000,5.4200,4.8050,230732,0,
0,2025-05-06 19:49:41,4.9100,4.6500,4.7600,4.7500,127281,0,
0,2025-05-07 19:49:41,4.9632,4.7600,4.8000,4.8200,85130,0,
0,2025-05-08 19:49:41,5.3091,4.8000,4.8800,5.2700,155197,0,
0,2025-05-09 19:49:41,5.4800,4.9300,5.2900,5.0500,155170,0,
0,2025-05-12 19:49:41,5.6000,5.1000,5.2300,5.4300,273879,0,
0,2025-05-13 19:49:41,5.5600,5.1700,5.5400,5.2700,154739,0,
0,2025-05-14 19:49:41,6.0300,5.2810,5.4750,5.7100,470336,0,
0,2025-05-15 19:49:41,6.0299,5.3400,5.8750,5.8900,182323,0,
0,2025-05-16 19:49:41,6.6000,5.7500,5.9700,6.3800,408744,0,
0,2025-05-19 19:49:41,6.2300,5.7000,6.1400,5.8400,298188,0,
0,2025-05-20 19:49:41,6.0860,5.6200,5.9400,6.0500,138835,0,
0,2025-05-21 19:49:41,5.99,5.50,5.99,5.56,169181,0,
0,2025-05-22 19:49:41,6.0600,5.4300,5.6400,5.8800,142086,0,
0,2025-05-23 19:49:41,5.9707,5.6501,5.6600,5.8200,122810,0,
0,2025-05-27 19:49:41,6.4900,5.9500,5.9500,6.1600,233044,0,
0,2025-05-28 19:49:41,6.3038,5.8100,6.1600,6.0200,116074,0,
0,2025-05-29 19:49:41,6.1300,5.6800,6.1300,5.8200,175846,0,
0,2025-05-30 19:49:41,5.8200,5.4800,5.7600,5.5800,143141,0,
0,2025-06-02 19:49:41,5.7500,5.3000,5.6000,5.6800,113140,0,
0,2025-06-03 19:49:41,5.9600,5.5650,5.8000,5.9000,184516,0,
0,2025-06-04 19:49:41,6.1200,5.9300,5.9900,6.0600,142435,0,
0,2025-06-05 19:49:41,6.1700,5.9100,6.0200,6.0200,213106,0,
0,2025-06-06 19:49:41,6.3000,5.9252,6.0900,6.2700,269067,0,
0,2025-06-09 19:49:41,6.3600,6.1300,6.3200,6.2400,170263,0,
0,2025-06-10 19:49:41,6.4000,6.0200,6.3400,6.2000,171356,0,
0,2025-06-11 19:49:41,6.3259,6.0400,6.1400,6.1100,183125,0,
0,2025-06-12 19:49:41,6.1025,5.7500,6.0500,5.8200,231736,0,
0,2025-06-13 19:49:41,5.7500,5.4800,5.5800,5.5400,159702,0,
0,2025-06-16 19:49:41,6.0387,5.6000,5.6100,5.8300,331444,0,
0,2025-06-17 19:49:41,5.8700,5.3800,5.8400,5.3800,211977,0,
0,2025-06-18 19:49:41,5.5200,5.3000,5.3200,5.3000,161158,0,
0,2025-06-20 19:49:41,5.4500,5.1900,5.3400,5.2800,312212,0,
0,2025-06-23 19:49:41,5.2800,4.9100,5.2000,5.0700,247014,0,
0,2025-06-24 19:49:41,5.4700,5.0500,5.3700,5.0900,654806,0,
0,2025-06-25 19:49:41,5.2200,4.9000,5.2200,5.0400,203225,0,
0,2025-06-26 19:49:41,5.1600,4.9400,5.0000,5.0500,165725,0,
0,2025-06-27 19:49:41,5.1800,4.9500,5.0800,5.0000,147615,0,
0,2025-06-30 19:49:41,5.0500,4.9080,5.0300,4.9400,149880,0,
0,2025-07-01 19:49:41,5.0499,4.7350,4.8600,4.8600,117999,0,
0,2025-07-02 19:49:41,5.2227,4.8600,5.0000,5.2000,419787,0,
0,2025-07-03 19:49:41,5.5100,5.1800,5.2500,5.4200,338331,0,
0,2025-07-07 19:49:41,6.8300,5.5600,5.5800,6.8100,951756,0,
0,2025-07-08 19:49:41,7.3181,6.4200,7.1600,6.6600,863890,0,
0,2025-07-09 19:49:41,6.7560,6.3341,6.7100,6.5500,353680,0,
0,2025-07-10 19:49:41,7.6500,6.8600,6.9300,7.6000,1452831,0,
0,2025-07-11 19:49:41,7.9499,7.1700,7.9000,7.3600,701681,0,
0,2025-07-14 19:49:41,8.3137,6.8812,7.3600,8.0000,871044,0,
0,2025-07-15 19:49:41,8.1900,7.4500,8.0700,7.4600,458995,0,
0,2025-07-16 19:49:41,8.2195,7.4201,7.8800,8.2000,847528,0,
0,2025-07-17 19:49:41,9.4100,8.0000,8.4900,8.2000,2604690,0,
0,2025-07-18 19:49:41,10.1400,8.3600,9.2400,10.0900,2963535,0,
0,2025-07-21 19:49:41,9.8443,8.5600,9.8400,8.6500,1573335,0,
0,2025-07-22 19:49:41,8.9200,7.3501,8.9200,7.5100,1349125,0,
