0,2025-03-17 19:49:20,24.9300,19.0476,21.0084,21.8487,3632155,0,
0,2025-03-18 19:49:20,23.7199,21.0084,22.4090,22.8235,1756199,0,
0,2025-03-19 19:49:20,22.1289,20.4594,21.8627,21.2885,1095307,0,
0,2025-03-20 19:49:20,24.0896,21.2885,21.8908,21.5686,1919044,0,
0,2025-03-21 19:49:20,46.7787,24.1737,28.2913,31.3725,216222049,0,
0,2025-03-24 19:49:20,21.5686,17.9552,21.1345,19.4034,17311640,0,
0,2025-03-25 19:49:20,20.1232,18.5154,19.3838,19.4174,4523469,0,
0,2025-03-26 19:49:20,18.7647,16.2605,18.3473,16.5266,4374133,0,
0,2025-03-27 19:49:20,16.2437,14.4594,16.1345,14.5658,7530026,0,
0,2025-03-28 19:49:20,18.7675,13.7255,16.9020,13.7255,23095544,0,
0,2025-03-31 19:49:20,15.9636,11.9412,12.7031,13.8655,4614343,0,
0,2025-04-01 19:49:20,17.0868,13.1737,13.2717,15.1513,7058016,0,
0,2025-04-02 19:49:20,16.1064,13.4734,15.6863,14.8039,4062236,0,
0,2025-04-03 19:49:20,14.5658,12.8852,13.2073,12.9468,2755986,0,
0,2025-04-04 19:49:20,13.1064,10.6443,12.9888,12.8347,3470700,0,
0,2025-04-07 19:49:20,13.3193,11.4846,11.7703,12.4650,1785707,0,
0,2025-04-08 19:49:20,12.5994,10.3641,12.3249,10.8683,2011970,0,
0,2025-04-09 19:49:20,11.0728,9.8039,10.4230,10.6863,2001252,0,
0,2025-04-10 19:49:20,11.7087,9.5826,10.9244,11.1653,2766003,0,
0,2025-04-11 19:49:20,11.3165,10.2549,10.5994,11.3165,1119067,0,
0,2025-04-14 19:49:20,11.7619,10.1849,11.4846,11.4846,1622614,0,
0,2025-04-15 19:49:20,11.7619,10.6443,11.6246,11.1485,818114,0,
0,2025-04-16 19:49:20,11.0644,9.8824,10.9524,9.9888,2433885,0,
0,2025-04-17 19:49:20,10.0196,6.1513,9.8235,7.6331,5689080,0,
0,2025-04-21 19:49:20,10.7843,7.7983,7.7983,8.4034,13314395,0,
0,2025-04-22 19:49:20,9.1317,7.9832,8.9020,8.7087,2338831,0,
0,2025-04-23 19:49:20,9.6639,8.7815,9.2437,8.7955,2018497,0,
0,2025-04-24 19:49:20,13.1120,8.8655,8.8655,11.2045,10254358,0,
0,2025-04-25 19:49:20,14.0168,10.6443,11.4566,10.6443,7309532,0,
0,2025-04-28 19:49:20,12.3249,10.6443,10.6443,11.8151,3201118,0,
0,2025-04-29 19:49:20,12.5938,11.4846,11.8571,12.1008,1137668,0,
0,2025-04-30 19:49:20,11.9048,10.8291,11.9048,11.3894,1811559,0,
0,2025-05-01 19:49:20,22.0364,12.9860,13.3950,15.7983,130337970,0,
0,2025-05-02 19:49:20,16.0000,13.4454,15.6891,14.3473,8451090,0,
0,2025-05-05 19:49:20,12.6050,11.4846,11.7031,11.8347,3070539,0,
0,2025-05-06 19:49:20,11.4846,9.8627,11.4566,10.1429,2247095,0,
0,2025-05-07 19:49:20,10.5042,9.8880,10.3641,9.9496,1536306,0,
0,2025-05-08 19:49:20,9.9832,7.6807,9.9524,9.8095,2981349,0,
0,2025-05-09 19:49:20,10.0840,8.9636,10.0840,9.5742,1032720,0,
0,2025-05-12 19:49:20,10.3641,9.2437,9.5518,10.0056,1785420,0,
0,2025-05-13 19:49:20,9.9580,9.0140,9.5238,9.7255,1243804,0,
0,2025-05-14 19:49:20,10.0700,9.3613,9.7255,9.7115,1089767,0,
0,2025-05-15 19:49:20,8.9869,7.1900,8.2500,7.6500,176710,0,
0,2025-05-16 19:49:20,8.3200,7.4300,7.5300,8.1600,111582,0,
0,2025-05-19 19:49:20,8.2801,6.1500,8.0300,6.7000,355951,0,
0,2025-05-20 19:49:20,7.2270,6.4500,6.4500,7.0100,160314,0,
0,2025-05-21 19:49:20,8.53,6.83,6.87,7.94,193965,0,
0,2025-05-22 19:49:20,8.0600,7.3000,7.9900,7.6200,69564,0,
0,2025-05-23 19:49:20,7.6200,6.8700,7.4400,6.9700,64363,0,
0,2025-05-27 19:49:20,7.3700,6.8000,7.1500,6.8700,41138,0,
0,2025-05-28 19:49:20,7.4615,6.8500,6.8700,6.9700,57950,0,
0,2025-05-29 19:49:20,7.1999,6.8500,7.0000,6.9000,50170,0,
0,2025-05-30 19:49:20,7.0800,6.5400,7.0800,6.7900,37504,0,
0,2025-06-02 19:49:20,7.3600,6.8000,6.8000,7.0900,64262,0,
0,2025-06-03 19:49:20,7.2326,6.9600,6.9600,7.0250,23839,0,
0,2025-06-04 19:49:20,7.4900,7.0172,7.2100,7.3900,43618,0,
0,2025-06-05 19:49:20,8.1800,7.0700,7.2300,7.2200,58982,0,
0,2025-06-06 19:49:20,7.4600,7.0201,7.1200,7.1400,33531,0,
0,2025-06-09 19:49:20,7.5000,7.1400,7.1700,7.5000,36160,0,
0,2025-06-10 19:49:20,7.6199,7.2701,7.5200,7.3700,14363,0,
0,2025-06-11 19:49:20,7.6900,7.4250,7.4900,7.5600,16478,0,
0,2025-06-12 19:49:20,7.9100,7.1750,7.5500,7.2050,37497,0,
0,2025-06-13 19:49:20,7.6200,6.8000,7.1000,6.9700,40314,0,
0,2025-06-16 19:49:20,7.3500,6.7500,6.7500,7.3000,30782,0,
0,2025-06-17 19:49:20,7.1950,6.8200,7.0700,6.8200,21597,0,
0,2025-06-18 19:49:20,7.0799,6.8000,6.9400,6.9800,15350,0,
0,2025-06-20 19:49:20,7.9150,6.8800,7.0000,7.5700,60660,0,
0,2025-06-23 19:49:20,7.7000,7.3642,7.5100,7.5000,10909,0,
0,2025-06-24 19:49:20,8.4450,7.3200,7.3200,7.7900,50203,0,
0,2025-06-25 19:49:20,7.9500,7.5150,7.9500,7.6600,7921,0,
0,2025-06-26 19:49:20,8.4800,7.7000,7.7100,8.2100,36810,0,
0,2025-06-27 19:49:20,8.4000,7.8090,8.2100,7.9700,14751,0,
0,2025-06-30 19:49:20,8.0000,7.5000,7.7800,7.8000,12086,0,
0,2025-07-01 19:49:20,7.9900,7.4050,7.9700,7.5000,45400,0,
0,2025-07-02 19:49:20,8.3500,7.7350,7.7500,8.2900,23143,0,
0,2025-07-03 19:49:20,8.6500,8.4200,8.6000,8.4500,13376,0,
0,2025-07-07 19:49:20,8.6100,8.0500,8.4900,8.0500,13303,0,
0,2025-07-08 19:49:20,9.7038,8.0411,8.1000,9.2500,44702,0,
0,2025-07-09 19:49:20,9.5202,9.0000,9.0700,9.1250,27750,0,
0,2025-07-10 19:49:20,9.3400,8.7829,8.9900,9.0000,29927,0,
0,2025-07-11 19:49:20,8.9100,8.5000,8.9100,8.6850,19888,0,
0,2025-07-14 19:49:20,9.1500,8.2800,8.5500,9.1100,14213,0,
0,2025-07-15 19:49:20,8.9200,8.6500,8.8200,8.7200,11545,0,
0,2025-07-16 19:49:20,9.4400,8.7800,8.9100,9.3750,32245,0,
0,2025-07-17 19:49:20,10.3000,9.1346,9.4500,10.0500,33979,0,
0,2025-07-18 19:49:20,10.3753,9.0200,10.1000,9.9400,35543,0,
0,2025-07-21 19:49:20,9.9000,9.3801,9.6400,9.6900,11528,0,
0,2025-07-22 19:49:20,9.9000,9.3932,9.4900,9.4400,24884,0,
