0,2025-03-17 19:49:30,0.6500,0.5826,0.6354,0.6120,193111,0,
0,2025-03-18 19:49:30,0.6285,0.5900,0.6200,0.6100,116844,0,
0,2025-03-19 19:49:30,0.6414,0.6047,0.6100,0.6131,266361,0,
0,2025-03-20 19:49:30,0.7000,0.6200,0.6380,0.6698,452074,0,
0,2025-03-21 19:49:30,0.6950,0.6500,0.6950,0.6599,237166,0,
0,2025-03-24 19:49:30,0.7047,0.6600,0.6797,0.6657,344824,0,
0,2025-03-25 19:49:30,0.7361,0.6859,0.7300,0.6875,665990,0,
0,2025-03-26 19:49:30,0.7200,0.6536,0.7200,0.6839,497859,0,
0,2025-03-27 19:49:30,0.7019,0.6557,0.6829,0.6831,307795,0,
0,2025-03-28 19:49:30,0.6158,0.4101,0.6158,0.4950,997754,0,
0,2025-03-31 19:49:30,0.5044,0.4541,0.4950,0.4716,191782,0,
0,2025-04-01 19:49:30,0.5000,0.4410,0.4825,0.4940,175268,0,
0,2025-04-02 19:49:30,0.5700,0.5000,0.5190,0.5363,215568,0,
0,2025-04-03 19:49:30,0.5369,0.4801,0.5270,0.5050,209666,0,
0,2025-04-04 19:49:30,0.5185,0.4900,0.5100,0.5057,173566,0,
0,2025-04-07 19:49:30,0.5198,0.4200,0.5000,0.5100,251496,0,
0,2025-04-08 19:49:30,0.5500,0.4773,0.5205,0.5057,145440,0,
0,2025-04-09 19:49:30,0.5180,0.4783,0.5083,0.5057,99046,0,
0,2025-04-10 19:49:30,0.5657,0.5190,0.5280,0.5578,256911,0,
0,2025-04-11 19:49:30,0.6347,0.5626,0.5770,0.6170,254344,0,
0,2025-04-14 19:49:30,0.6400,0.5920,0.6170,0.6375,142754,0,
0,2025-04-15 19:49:30,0.6497,0.6150,0.6425,0.6420,146655,0,
0,2025-04-16 19:49:30,0.6482,0.6100,0.6481,0.6290,176686,0,
0,2025-04-17 19:49:30,0.6500,0.5823,0.6200,0.6100,139083,0,
0,2025-04-21 19:49:30,0.6024,0.5600,0.5900,0.5718,131672,0,
0,2025-04-22 19:49:30,0.5985,0.5260,0.5859,0.5300,246372,0,
0,2025-04-23 19:49:30,0.5890,0.5000,0.5890,0.5100,227265,0,
0,2025-04-24 19:49:30,0.5300,0.4950,0.5300,0.5060,255773,0,
0,2025-04-25 19:49:30,0.5244,0.4900,0.5200,0.5000,463422,0,
0,2025-04-28 19:49:30,0.5200,0.4901,0.5200,0.4950,274332,0,
0,2025-04-29 19:49:30,0.5080,0.4741,0.5000,0.4953,157015,0,
0,2025-04-30 19:49:30,0.5059,0.4902,0.4956,0.4999,226095,0,
0,2025-05-01 19:49:30,0.5050,0.4967,0.5000,0.4991,144238,0,
0,2025-05-02 19:49:30,0.5100,0.4900,0.5100,0.4990,460455,0,
0,2025-05-05 19:49:30,0.5197,0.4510,0.5100,0.4873,4554621,0,
0,2025-05-06 19:49:30,0.5048,0.4550,0.4613,0.4800,495324,0,
0,2025-05-07 19:49:30,0.5062,0.4801,0.4863,0.4984,567138,0,
0,2025-05-08 19:49:30,0.5689,0.4928,0.5050,0.5432,621898,0,
0,2025-05-09 19:49:30,0.5500,0.4930,0.5500,0.5005,931536,0,
0,2025-05-12 19:49:30,0.6381,0.5121,0.5184,0.6110,1771759,0,
0,2025-05-13 19:49:30,0.8432,0.6141,0.6200,0.7451,2537120,0,
0,2025-05-14 19:49:30,0.7889,0.6556,0.7700,0.7151,1433293,0,
0,2025-05-15 19:49:30,0.7019,0.6333,0.7000,0.6407,506091,0,
0,2025-05-16 19:49:30,0.6990,0.6300,0.6700,0.6980,454958,0,
0,2025-05-19 19:49:30,0.7399,0.5130,0.7000,0.5532,2004999,0,
0,2025-05-20 19:49:30,0.6067,0.5451,0.5751,0.6067,758678,0,
0,2025-05-21 19:49:30,0.6344,0.5780,0.5780,0.6056,435006,0,
0,2025-05-22 19:49:30,0.6300,0.5900,0.6300,0.6075,333730,0,
0,2025-05-23 19:49:30,0.6288,0.5986,0.6148,0.6068,226798,0,
0,2025-05-27 19:49:30,0.6190,0.5753,0.6038,0.5911,307501,0,
0,2025-05-28 19:49:30,0.6065,0.5773,0.5836,0.6060,125309,0,
0,2025-05-29 19:49:30,0.6392,0.5999,0.6200,0.6188,460830,0,
0,2025-05-30 19:49:30,0.6498,0.6060,0.6202,0.6226,196098,0,
0,2025-06-02 19:49:30,0.6804,0.6180,0.6197,0.6670,361953,0,
0,2025-06-03 19:49:30,0.6733,0.6283,0.6700,0.6578,350370,0,
0,2025-06-04 19:49:30,0.6561,0.6225,0.6561,0.6440,314198,0,
0,2025-06-05 19:49:30,0.6400,0.6012,0.6300,0.6251,164122,0,
0,2025-06-06 19:49:30,0.6460,0.6099,0.6320,0.6264,170862,0,
0,2025-06-09 19:49:30,0.6450,0.6000,0.6264,0.6143,268866,0,
0,2025-06-10 19:49:30,0.6483,0.6044,0.6202,0.6140,151011,0,
0,2025-06-11 19:49:30,0.5964,0.4806,0.5956,0.5398,1938699,0,
0,2025-06-12 19:49:30,0.5756,0.5100,0.5626,0.5290,554139,0,
0,2025-06-13 19:49:30,0.5500,0.5200,0.5341,0.5397,294727,0,
0,2025-06-16 19:49:30,0.5599,0.3700,0.5500,0.3883,3968283,0,
0,2025-06-17 19:49:30,0.1995,0.1425,0.1700,0.1839,39417786,0,
0,2025-06-18 19:49:30,0.1980,0.1850,0.1880,0.1930,6096453,0,
0,2025-06-20 19:49:30,0.2100,0.1801,0.2030,0.1814,5875422,0,
0,2025-06-23 19:49:30,0.2009,0.1720,0.1940,0.1890,8878304,0,
0,2025-06-24 19:49:30,0.1977,0.1850,0.1942,0.1923,4127541,0,
0,2025-06-25 19:49:30,0.2059,0.1902,0.1943,0.2030,3632880,0,
0,2025-06-26 19:49:30,0.2000,0.1800,0.1850,0.2000,2594518,0,
0,2025-06-27 19:49:30,0.2039,0.1935,0.1998,0.1980,2532656,0,
0,2025-06-30 19:49:30,0.1995,0.1850,0.1983,0.1970,2096496,0,
0,2025-07-01 19:49:30,0.2000,0.1801,0.1987,0.1945,2004166,0,
0,2025-07-02 19:49:30,0.2180,0.1900,0.1947,0.2055,5274343,0,
0,2025-07-03 19:49:30,0.2152,0.2000,0.2098,0.2067,722779,0,
0,2025-07-07 19:49:30,0.2200,0.1999,0.2000,0.2080,2856414,0,
0,2025-07-08 19:49:30,0.2300,0.2060,0.2115,0.2256,2711392,0,
0,2025-07-09 19:49:30,0.2582,0.2231,0.2350,0.2350,3856549,0,
0,2025-07-10 19:49:30,0.2425,0.2144,0.2300,0.2309,1928664,0,
0,2025-07-11 19:49:30,0.2525,0.2280,0.2300,0.2520,32556751,0,
0,2025-07-14 19:49:30,0.6220,0.4300,0.5378,0.4745,386296717,0,
0,2025-07-15 19:49:30,0.4750,0.3897,0.3897,0.4138,15008533,0,
0,2025-07-16 19:49:30,0.4500,0.3700,0.3957,0.4290,7562985,0,
0,2025-07-17 19:49:30,0.4450,0.4046,0.4214,0.4222,3680480,0,
0,2025-07-18 19:49:30,0.4140,0.3510,0.4067,0.3900,3435124,0,
0,2025-07-21 19:49:30,0.4178,0.3923,0.4100,0.3979,2091310,0,
0,2025-07-22 19:49:30,0.4050,0.3594,0.3965,0.3980,3224106,0,
