0,2025-03-13 19:49:32,1.8350,1.7000,1.7200,1.8100,9484,0,
0,2025-03-14 19:49:32,1.8000,1.7800,1.7800,1.8000,670,0,
0,2025-03-17 19:49:32,1.7800,1.7000,1.7000,1.7400,18850,0,
0,2025-03-18 19:49:32,1.7400,1.6500,1.6800,1.7400,9522,0,
0,2025-03-19 19:49:32,1.7228,1.6800,1.6973,1.7228,2660,0,
0,2025-03-20 19:49:32,1.6700,1.6400,1.6700,1.6600,4914,0,
0,2025-03-21 19:49:32,1.6200,1.6100,1.6100,1.6200,4060,0,
0,2025-03-24 19:49:32,1.6950,1.5343,1.5343,1.6200,18070,0,
0,2025-03-25 19:49:32,1.9000,1.5300,1.7000,1.7250,130442,0,
0,2025-03-26 19:49:32,1.8600,1.6450,1.6599,1.8200,285942,0,
0,2025-03-27 19:49:32,1.8001,1.7200,1.7202,1.8000,14171,0,
0,2025-03-28 19:49:32,1.8336,1.7800,1.7800,1.8000,2388,0,
0,2025-03-31 19:49:32,1.8100,1.6000,1.8100,1.7701,17567,0,
0,2025-04-01 19:49:32,1.8800,1.7747,1.8800,1.8400,9423,0,
0,2025-04-02 19:49:32,1.8600,1.7300,1.8500,1.8022,4658,0,
0,2025-04-03 19:49:32,2.0000,1.7483,1.8800,1.8000,222843,0,
0,2025-04-04 19:49:32,1.8150,1.6000,1.8150,1.6400,2470,0,
0,2025-04-07 19:49:32,1.7000,1.5200,1.6000,1.5501,34798,0,
0,2025-04-08 19:49:32,1.6600,1.4300,1.5621,1.5300,81656,0,
0,2025-04-09 19:49:32,1.7000,1.4500,1.5800,1.6500,75639,0,
0,2025-04-10 19:49:32,1.6050,1.5000,1.5600,1.5200,7418,0,
0,2025-04-11 19:49:32,1.5800,1.4200,1.5500,1.5200,20564,0,
0,2025-04-14 19:49:32,1.5500,1.5500,1.5500,1.5500,695,0,
0,2025-04-15 19:49:32,1.5900,1.5000,1.5800,1.5601,5143,0,
0,2025-04-17 19:49:32,1.5500,1.4200,1.4300,1.5500,3797,0,
0,2025-04-21 19:49:32,1.4600,1.4600,1.4600,1.4600,2192,0,
0,2025-04-22 19:49:32,1.9400,1.4900,1.5800,1.5700,8592,0,
0,2025-04-23 19:49:32,1.6916,1.5600,1.6500,1.6916,1542,0,
0,2025-04-24 19:49:32,1.8500,1.5800,1.6100,1.6314,47446,0,
0,2025-04-25 19:49:32,1.9593,1.6500,1.6850,1.6615,53538,0,
0,2025-04-28 19:49:32,1.9100,1.5750,1.6950,1.6500,59300,0,
0,2025-04-29 19:49:32,1.7400,1.5100,1.5300,1.6295,41269,0,
0,2025-04-30 19:49:32,1.6899,1.3900,1.3900,1.5900,9328,0,
0,2025-05-01 19:49:32,1.6400,1.6100,1.6100,1.6400,396,0,
0,2025-05-02 19:49:32,1.6500,1.5100,1.6500,1.6400,1429,0,
0,2025-05-05 19:49:32,1.5800,1.5600,1.5700,1.5600,4492,0,
0,2025-05-06 19:49:32,1.5800,1.3700,1.5100,1.5799,13403,0,
0,2025-05-07 19:49:32,1.4900,1.1500,1.4900,1.4300,14390,0,
0,2025-05-08 19:49:32,1.4573,1.3800,1.4100,1.4573,20282,0,
0,2025-05-09 19:49:32,1.4424,1.4424,1.4424,1.4424,1693,0,
0,2025-05-12 19:49:32,1.4300,1.3100,1.3400,1.4200,12100,0,
0,2025-05-13 19:49:32,1.3900,1.3058,1.3900,1.3503,2362,0,
0,2025-05-14 19:49:32,1.3500,1.3300,1.3300,1.3500,2788,0,
0,2025-05-16 19:49:32,1.3700,1.3100,1.3100,1.3700,286,0,
0,2025-05-19 19:49:32,1.4000,1.3000,1.4000,1.3000,2606,0,
0,2025-05-20 19:49:32,1.3100,1.3000,1.3000,1.3100,1904,0,
0,2025-05-21 19:49:32,1.30,1.11,1.30,1.19,8859,0,
0,2025-05-22 19:49:32,1.2498,1.1050,1.2400,1.1600,42169,0,
0,2025-05-23 19:49:32,1.2450,1.1419,1.1419,1.2100,23059,0,
0,2025-05-27 19:49:32,1.2000,1.1100,1.2000,1.1528,51774,0,
0,2025-05-28 19:49:32,1.1500,1.1301,1.1500,1.1301,5880,0,
0,2025-05-29 19:49:32,1.2132,1.1050,1.1050,1.1500,12128,0,
0,2025-05-30 19:49:32,1.1900,1.0801,1.1900,1.0801,12144,0,
0,2025-06-02 19:49:32,1.1500,1.0800,1.0900,1.1100,16784,0,
0,2025-06-03 19:49:32,1.1400,1.0700,1.1000,1.1400,10113,0,
0,2025-06-04 19:49:32,1.2700,1.1100,1.1200,1.1100,16100,0,
0,2025-06-05 19:49:32,1.1851,1.1100,1.1200,1.1300,10545,0,
0,2025-06-06 19:49:32,1.1700,1.1400,1.1491,1.1400,9734,0,
0,2025-06-09 19:49:32,1.0900,1.0031,1.0700,1.0031,40944,0,
0,2025-06-10 19:49:32,1.0700,1.0500,1.0600,1.0700,12431,0,
0,2025-06-11 19:49:32,1.1000,1.0009,1.0935,1.0600,28295,0,
0,2025-06-12 19:49:32,1.0699,0.9900,1.0150,1.0100,54614,0,
0,2025-06-13 19:49:32,1.0200,0.9600,1.0200,0.9811,2848,0,
0,2025-06-16 19:49:32,0.9600,0.8400,0.9500,0.8565,84830,0,
0,2025-06-17 19:49:32,0.9350,0.7910,0.9175,0.8800,46799,0,
0,2025-06-18 19:49:32,0.8500,0.7424,0.8400,0.7911,76095,0,
0,2025-06-20 19:49:32,0.8000,0.7500,0.7999,0.7770,31189,0,
0,2025-06-23 19:49:32,0.8270,0.7250,0.7949,0.7300,33725,0,
0,2025-06-24 19:49:32,0.7900,0.7325,0.7560,0.7810,32343,0,
0,2025-06-25 19:49:32,0.7899,0.7415,0.7415,0.7899,8980,0,
0,2025-06-26 19:49:32,1.0200,0.7465,0.7592,0.9800,95424,0,
0,2025-06-27 19:49:32,1.0400,0.8270,0.9506,0.9014,76783,0,
0,2025-06-30 19:49:32,1.0600,0.8489,0.9400,0.9964,125172,0,
0,2025-07-01 19:49:32,1.0500,0.9400,1.0100,1.0150,58181,0,
0,2025-07-02 19:49:32,1.0300,0.9801,1.0200,1.0000,94440,0,
0,2025-07-03 19:49:32,1.0100,0.9406,1.0000,1.0000,32141,0,
0,2025-07-07 19:49:32,1.0200,0.9600,1.0200,0.9883,9196,0,
0,2025-07-08 19:49:32,1.0200,0.9700,0.9700,1.0200,2821,0,
0,2025-07-09 19:49:32,1.0000,0.9600,0.9700,0.9700,10085,0,
0,2025-07-10 19:49:32,1.0488,0.9300,0.9600,1.0300,147681,0,
0,2025-07-11 19:49:32,1.2024,1.0000,1.0500,1.1000,273737,0,
0,2025-07-14 19:49:32,1.1300,1.0100,1.1300,1.1000,149883,0,
0,2025-07-15 19:49:32,1.1700,1.0500,1.0700,1.0700,106896,0,
0,2025-07-16 19:49:32,1.2000,1.0400,1.0900,1.1400,83455,0,
0,2025-07-17 19:49:32,1.3500,1.1100,1.1300,1.3000,286559,0,
0,2025-07-18 19:49:32,1.4500,1.2600,1.4000,1.3100,306288,0,
0,2025-07-21 19:49:32,1.4470,1.2900,1.3200,1.3900,140509,0,
0,2025-07-22 19:49:32,2.6500,1.4400,1.4400,2.1300,28907044,0,
